100 100 99 62 34
62 29 1 1 0
34 44 1 1 0
1 73 1 1.000000 0.347135
2 80 1 1.000000 0.490014
3 24 1 1.000000 0.821944
4 71 1 1.000000 0.580365
5 56 1 1.000000 0.447571
6 40 1 1.000000 0.967426
7 70 1 1.000000 0.325510
8 2 1 1.000000 0.087681
9 42 1 1.000000 0.133961
10 41 1 1.000000 0.043246
11 6 1 1.000000 0.812425
12 26 1 1.000000 0.311996
13 96 1 1.000000 0.434558
14 5 1 1.000000 0.565924
15 43 1 1.000000 0.364581
16 55 1 1.000000 0.139242
17 80 1 1.000000 0.536055
18 56 1 1.000000 0.375820
19 99 1 1.000000 0.782141
20 9 1 1.000000 0.786439
21 61 1 1.000000 0.708388
22 27 1 1.000000 0.354806
23 18 1 1.000000 0.834529
24 45 1 1.000000 0.190206
25 77 1 1.000000 0.989341
26 92 1 1.000000 0.587400
27 11 1 1.000000 0.625143
28 33 1 1.000000 0.413176
29 19 1 1.000000 0.685290
30 55 1 1.000000 0.516606
31 4 1 1.000000 0.107573
32 96 1 1.000000 0.665879
33 76 1 1.000000 0.723718
35 74 1 1.000000 0.541483
36 53 1 1.000000 0.884998
37 14 1 1.000000 0.966031
38 44 1 1.000000 0.126098
39 52 1 1.000000 0.240569
40 55 1 1.000000 0.605198
41 82 1 1.000000 0.043813
42 57 1 1.000000 0.727778
43 78 1 1.000000 0.628129
44 77 1 1.000000 0.654651
45 60 1 1.000000 0.076532
46 21 1 1.000000 0.362703
47 30 1 1.000000 0.468110
48 40 1 1.000000 0.496496
49 75 1 1.000000 0.375161
50 29 1 1.000000 0.420600
51 47 1 1.000000 0.837170
52 36 1 1.000000 0.663088
53 63 1 1.000000 0.225456
54 73 1 1.000000 0.196121
55 51 1 1.000000 0.950109
56 6 1 1.000000 0.223035
57 50 1 1.000000 0.546454
58 41 1 1.000000 0.510298
59 16 1 1.000000 0.203979
60 82 1 1.000000 0.976223
61 60 1 1.000000 0.416377
63 70 1 1.000000 0.714209
64 84 1 1.000000 0.957713
65 54 1 1.000000 0.470254
66 44 1 1.000000 0.541366
67 58 1 1.000000 0.711048
68 5 1 1.000000 0.519326
69 57 1 1.000000 0.589631
70 1 1 1.000000 0.684151
71 55 1 1.000000 0.126276
72 10 1 1.000000 0.425594
73 82 1 1.000000 0.393755
74 12 1 1.000000 0.650933
75 88 1 1.000000 0.532829
76 57 1 1.000000 0.862649
77 69 1 1.000000 0.400128
78 7 1 1.000000 0.373107
79 87 1 1.000000 0.730487
80 8 1 1.000000 0.695916
81 79 1 1.000000 0.384809
82 16 1 1.000000 0.548831
83 54 1 1.000000 0.559106
84 15 1 1.000000 0.687366
85 76 1 1.000000 0.041632
86 25 1 1.000000 0.647275
87 66 1 1.000000 0.301962
88 81 1 1.000000 0.872482
89 74 1 1.000000 0.536671
90 7 1 1.000000 0.096360
91 97 1 1.000000 0.794705
92 54 1 1.000000 0.394964
93 64 1 1.000000 0.026919
94 65 1 1.000000 0.881400
95 38 1 1.000000 0.895400
96 17 1 1.000000 0.035542
97 10 1 1.000000 0.903436
98 94 1 1.000000 0.810101
99 21 1 1.000000 0.000000
100 64 1 1.000000 0.011893
