100 100 33 34 35
34 29 1 1 0
35 44 1 1 0
1 73 1 1.000000 0.128493
2 80 1 1.000000 0.786567
3 24 1 1.000000 0.157672
4 71 1 1.000000 0.553861
5 56 1 1.000000 0.330460
6 40 1 1.000000 0.590954
7 70 1 1.000000 0.255737
8 2 1 1.000000 0.345173
9 42 1 1.000000 0.961570
10 41 1 1.000000 0.299820
11 6 1 1.000000 0.797966
12 26 1 1.000000 0.185935
13 96 1 1.000000 0.006100
14 5 1 1.000000 0.308683
15 43 1 1.000000 0.815742
16 55 1 1.000000 0.608226
17 80 1 1.000000 0.546093
18 56 1 1.000000 0.520292
19 99 1 1.000000 0.161076
20 9 1 1.000000 0.113243
21 61 1 1.000000 0.261005
22 27 1 1.000000 0.557565
23 18 1 1.000000 0.478965
24 45 1 1.000000 0.139167
25 77 1 1.000000 0.238532
26 92 1 1.000000 0.447479
27 11 1 1.000000 0.280585
28 33 1 1.000000 0.826281
29 19 1 1.000000 0.332115
30 55 1 1.000000 0.818574
31 4 1 1.000000 0.843016
32 96 1 1.000000 0.094276
33 76 1 1.000000 0.000000
36 74 1 1.000000 0.475177
37 53 1 1.000000 0.804225
38 14 1 1.000000 0.548201
39 44 1 1.000000 0.804040
40 52 1 1.000000 0.363840
41 55 1 1.000000 0.990893
42 82 1 1.000000 0.051515
43 57 1 1.000000 0.323325
44 78 1 1.000000 0.496778
45 77 1 1.000000 0.797584
46 60 1 1.000000 0.190449
47 21 1 1.000000 0.778289
48 30 1 1.000000 0.760965
49 40 1 1.000000 0.064018
50 75 1 1.000000 0.894757
51 29 1 1.000000 0.589951
52 47 1 1.000000 0.854371
53 36 1 1.000000 0.022375
54 63 1 1.000000 0.505979
55 73 1 1.000000 0.855668
56 51 1 1.000000 0.559389
57 6 1 1.000000 0.167013
58 50 1 1.000000 0.991948
59 41 1 1.000000 0.505888
60 16 1 1.000000 0.046012
61 82 1 1.000000 0.695375
62 60 1 1.000000 0.839800
63 70 1 1.000000 0.675184
64 84 1 1.000000 0.283117
65 54 1 1.000000 0.700962
66 44 1 1.000000 0.467091
67 58 1 1.000000 0.524430
68 5 1 1.000000 0.869157
69 57 1 1.000000 0.327290
70 1 1 1.000000 0.978874
71 55 1 1.000000 0.602475
72 10 1 1.000000 0.437290
73 82 1 1.000000 0.185682
74 12 1 1.000000 0.455315
75 88 1 1.000000 0.549746
76 57 1 1.000000 0.579207
77 69 1 1.000000 0.665825
78 7 1 1.000000 0.856759
79 87 1 1.000000 0.517063
80 8 1 1.000000 0.271723
81 79 1 1.000000 0.427378
82 16 1 1.000000 0.969900
83 54 1 1.000000 0.693684
84 15 1 1.000000 0.262560
85 76 1 1.000000 0.355417
86 25 1 1.000000 0.673576
87 66 1 1.000000 0.180773
88 81 1 1.000000 0.219370
89 74 1 1.000000 0.049481
90 7 1 1.000000 0.303248
91 97 1 1.000000 0.819775
92 54 1 1.000000 0.751101
93 64 1 1.000000 0.409279
94 65 1 1.000000 0.724402
95 38 1 1.000000 0.114985
96 17 1 1.000000 0.524034
97 10 1 1.000000 0.482190
98 94 1 1.000000 0.310209
99 21 1 1.000000 0.734708
100 64 1 1.000000 0.000774
