10 34 3 1 9
1 2 1 1 0
9 8 1 1 0
2 8 1 0.545962 0.369272
2 6 1 0.329778 0.158694
2 4 1 0.003528 0.825225
2 7 1 0.120732 0.204023
3 2 1 0.170379 0.000000
3 6 1 0.031636 0.000000
3 5 1 0.048884 0.000000
3 8 1 0.749102 0.000000
4 6 1 0.046935 0.872756
4 5 1 0.230382 0.403020
4 7 1 0.284190 0.948824
4 8 1 0.438493 0.438785
5 2 1 0.608718 0.158358
5 7 1 0.347893 0.735480
5 6 1 0.029375 0.893565
5 4 1 0.014013 0.102169
6 4 1 0.898036 0.262250
6 2 1 0.053741 0.601379
6 8 1 0.041195 0.299932
6 5 1 0.007028 0.434456
7 8 1 0.886597 0.664955
7 3 1 0.077914 0.613196
7 6 1 0.004325 0.014212
7 5 1 0.031163 0.214237
8 6 1 0.854567 0.959032
8 3 1 0.003075 0.283502
8 4 1 0.012559 0.515103
8 2 1 0.129800 0.376195
10 2 1 0.833891 0.991683
10 6 1 0.145375 0.873225
10 5 1 0.001920 0.386178
10 7 1 0.018814 0.050124
