10 26 4 9 7
9 2 1 1 0
7 8 1 1 0
1 8 1 0.671892 0.279879
1 6 1 0.148340 0.943718
1 2 1 0.179769 0.264420
2 4 1 0.127249 0.234760
2 6 1 0.012174 0.511892
2 5 1 0.860577 0.449858
3 6 1 0.649963 0.902548
3 8 1 0.201290 0.433604
3 5 1 0.148747 0.664683
4 1 1 0.669076 0.000000
4 8 1 0.324556 0.000000
4 2 1 0.006368 0.000000
5 2 1 0.648065 0.725018
5 6 1 0.218586 0.483469
5 1 1 0.133349 0.001994
6 1 1 0.668041 0.400518
6 4 1 0.038816 0.853773
6 2 1 0.293144 0.323565
8 5 1 0.672303 0.881880
8 1 1 0.259496 0.484500
8 3 1 0.068201 0.560101
10 6 1 0.755362 0.057643
10 5 1 0.204609 0.452106
10 3 1 0.040029 0.377404
