50 146 27 21 6
21 16 1 1 0
6 40 1 1 0
1 38 1 0.320263 0.162257
1 30 1 0.250033 0.738833
1 11 1 0.429704 0.748147
2 25 1 0.242272 0.618422
2 24 1 0.253338 0.425268
2 9 1 0.504390 0.638052
3 18 1 0.897734 0.897357
3 10 1 0.023398 0.945224
3 48 1 0.078868 0.119770
4 7 1 0.936476 0.209564
4 19 1 0.051251 0.029932
4 22 1 0.012273 0.786050
5 18 1 0.013464 0.932324
5 23 1 0.331026 0.387982
5 24 1 0.655511 0.259606
7 24 1 0.364185 0.304522
7 4 1 0.113719 0.590686
7 22 1 0.522096 0.893737
8 38 1 0.247182 0.932784
8 31 1 0.205696 0.823324
8 48 1 0.547122 0.176715
9 34 1 0.582325 0.580580
9 49 1 0.327895 0.641929
9 30 1 0.089780 0.065963
10 1 1 0.444816 0.671287
10 46 1 0.211140 0.282591
10 48 1 0.344044 0.867691
11 31 1 0.368817 0.589560
11 9 1 0.594356 0.871740
11 36 1 0.036827 0.541366
12 10 1 0.302555 0.154536
12 17 1 0.519554 0.705641
12 9 1 0.177891 0.642992
13 19 1 0.934149 0.686570
13 20 1 0.050230 0.874497
13 15 1 0.015621 0.334200
14 42 1 0.853075 0.850855
14 46 1 0.049780 0.057236
14 10 1 0.097145 0.795734
15 24 1 0.064287 0.420387
15 16 1 0.218539 0.157701
15 39 1 0.717174 0.564913
16 27 1 0.621866 0.110597
16 43 1 0.335246 0.573647
16 44 1 0.042888 0.291934
17 16 1 0.748646 0.336469
17 24 1 0.111016 0.145757
17 47 1 0.140338 0.278566
18 5 1 0.774653 0.051530
18 23 1 0.048574 0.564078
18 32 1 0.176773 0.334915
19 10 1 0.888068 0.215918
19 28 1 0.040127 0.434974
19 33 1 0.071805 0.069831
20 32 1 0.334508 0.444956
20 48 1 0.073579 0.518554
20 41 1 0.591913 0.110091
22 40 1 0.200366 0.507705
22 39 1 0.720814 0.851350
22 1 1 0.078821 0.128130
23 13 1 0.417297 0.537585
23 4 1 0.174937 0.770017
23 24 1 0.407766 0.532690
24 32 1 0.581695 0.166577
24 18 1 0.337376 0.100327
24 17 1 0.080929 0.708572
25 33 1 0.859288 0.649429
25 15 1 0.103513 0.419258
25 31 1 0.037199 0.335126
26 8 1 0.879726 0.311292
26 36 1 0.114577 0.016058
26 25 1 0.005697 0.784310
27 34 1 0.923675 0.000000
27 29 1 0.071207 0.000000
27 19 1 0.005118 0.000000
28 5 1 0.965101 0.745358
28 8 1 0.018228 0.588508
28 17 1 0.016671 0.157657
29 9 1 0.027666 0.411175
29 30 1 0.739370 0.325024
29 48 1 0.232965 0.495292
30 19 1 0.289929 0.821766
30 13 1 0.237732 0.935506
30 36 1 0.472339 0.600173
31 29 1 0.979557 0.638151
31 44 1 0.012105 0.727875
31 40 1 0.008338 0.340132
32 40 1 0.711964 0.857302
32 29 1 0.017386 0.511823
32 26 1 0.270651 0.906392
33 8 1 0.176497 0.335853
33 32 1 0.257122 0.618465
33 1 1 0.566381 0.988571
34 44 1 0.446621 0.508509
34 22 1 0.339006 0.709341
34 28 1 0.214373 0.775424
35 25 1 0.594919 0.274598
35 8 1 0.099181 0.131994
35 16 1 0.305900 0.720122
36 33 1 0.690666 0.107225
36 24 1 0.094082 0.162418
36 49 1 0.215252 0.251161
37 7 1 0.049434 0.218004
37 29 1 0.858616 0.031559
37 28 1 0.091950 0.434997
38 37 1 0.119969 0.274043
38 41 1 0.786568 0.586024
38 32 1 0.093463 0.624361
39 11 1 0.774175 0.006094
39 5 1 0.214246 0.418713
39 18 1 0.011580 0.367338
40 4 1 0.873131 0.797720
40 13 1 0.052778 0.320293
40 16 1 0.074090 0.642493
41 48 1 0.312403 0.971566
41 47 1 0.410707 0.877875
41 46 1 0.276891 0.000150
42 34 1 0.936623 0.818772
42 2 1 0.028166 0.408620
42 1 1 0.035211 0.251382
43 44 1 0.874770 0.928693
43 23 1 0.081556 0.622111
43 33 1 0.043673 0.581004
44 20 1 0.532123 0.239160
44 36 1 0.200231 0.327001
44 18 1 0.267645 0.881498
45 40 1 0.148163 0.115301
45 19 1 0.544079 0.050848
45 46 1 0.307758 0.113351
46 40 1 0.536982 0.695032
46 25 1 0.160754 0.289838
46 4 1 0.302264 0.835109
47 18 1 0.162416 0.267280
47 38 1 0.032412 0.940314
47 40 1 0.805171 0.407256
48 33 1 0.767020 0.298550
48 47 1 0.196733 0.632288
48 13 1 0.036246 0.218841
49 28 1 0.846446 0.208346
49 26 1 0.137754 0.067531
49 43 1 0.015801 0.862868
50 5 1 0.128939 0.719241
50 23 1 0.718887 0.489467
50 45 1 0.152174 0.786320
