100 394 97 21 63
21 29 1 1 0
63 44 1 1 0
1 73 1 0.517835 0.716786
1 80 1 0.129439 0.992235
1 24 1 0.179319 0.633965
1 71 1 0.173407 0.034229
2 56 1 0.891846 0.864573
2 40 1 0.063189 0.723083
2 70 1 0.003501 0.745200
2 42 1 0.041463 0.308412
3 41 1 0.655791 0.128386
3 6 1 0.121796 0.839306
3 26 1 0.012563 0.741491
3 96 1 0.209851 0.535802
4 5 1 0.752584 0.752887
4 43 1 0.222471 0.460220
4 55 1 0.019001 0.696469
4 80 1 0.005943 0.052706
5 56 1 0.604974 0.915420
5 99 1 0.373225 0.051406
5 9 1 0.018039 0.411450
5 61 1 0.003762 0.064081
6 34 1 0.767669 0.505436
6 27 1 0.139732 0.014071
6 18 1 0.004419 0.907213
6 45 1 0.088179 0.863192
7 77 1 0.662583 0.888805
7 92 1 0.105755 0.999757
7 11 1 0.004192 0.589134
7 33 1 0.227470 0.680330
8 19 1 0.739855 0.607310
8 55 1 0.190132 0.579015
8 4 1 0.044378 0.003638
8 96 1 0.025635 0.465492
9 76 1 0.740705 0.204226
9 74 1 0.102700 0.634422
9 53 1 0.060321 0.153743
9 14 1 0.096274 0.862446
10 44 1 0.013654 0.000561
10 52 1 0.125107 0.128809
10 55 1 0.835381 0.605554
10 82 1 0.025858 0.442905
11 57 1 0.848477 0.031475
11 78 1 0.112071 0.236459
11 77 1 0.033769 0.615927
11 60 1 0.005683 0.994742
12 30 1 0.251624 0.187598
12 40 1 0.473959 0.589015
12 75 1 0.271313 0.589146
12 29 1 0.003104 0.061365
13 47 1 0.890077 0.122778
13 36 1 0.038393 0.790119
13 73 1 0.045222 0.341170
13 51 1 0.026307 0.592299
14 6 1 0.755353 0.903313
14 50 1 0.161055 0.500657
14 41 1 0.020219 0.856909
14 16 1 0.063372 0.988197
15 82 1 0.263864 0.115966
15 60 1 0.473301 0.207312
15 70 1 0.025409 0.968356
15 84 1 0.237426 0.963249
16 54 1 0.376899 0.550613
16 44 1 0.056276 0.358853
16 58 1 0.023827 0.443448
16 5 1 0.542997 0.608018
17 57 1 0.348801 0.063680
17 1 1 0.120052 0.240851
17 55 1 0.086361 0.110635
17 10 1 0.444785 0.045728
18 82 1 0.584268 0.389771
18 12 1 0.328821 0.310485
18 88 1 0.045704 0.532146
18 57 1 0.041207 0.063904
19 69 1 0.255535 0.652330
19 7 1 0.554217 0.603439
19 87 1 0.037434 0.046527
19 8 1 0.152813 0.185056
20 79 1 0.730613 0.554273
20 16 1 0.254547 0.519928
20 54 1 0.009057 0.464223
20 15 1 0.005783 0.950299
22 76 1 0.693318 0.424431
22 25 1 0.123902 0.672054
22 66 1 0.175154 0.525959
22 81 1 0.007627 0.414381
23 74 1 0.392154 0.459090
23 7 1 0.444061 0.282572
23 97 1 0.127377 0.417976
23 54 1 0.036407 0.052814
24 64 1 0.162703 0.966078
24 65 1 0.223034 0.760098
24 38 1 0.397320 0.560937
24 17 1 0.216944 0.657546
25 10 1 0.428374 0.590671
25 94 1 0.337272 0.890140
25 64 1 0.046255 0.873148
25 92 1 0.188099 0.495437
26 75 1 0.764007 0.293411
26 74 1 0.173020 0.724683
26 72 1 0.053177 0.047214
26 85 1 0.009796 0.330079
27 60 1 0.841615 0.723235
27 30 1 0.130236 0.870667
27 52 1 0.008841 0.972748
27 64 1 0.019307 0.677493
28 17 1 0.988930 0.087731
28 57 1 0.006316 0.975187
28 44 1 0.004308 0.914034
28 30 1 0.000446 0.578329
29 9 1 0.947897 0.858716
29 56 1 0.043578 0.699437
29 7 1 0.001527 0.656379
29 33 1 0.006998 0.505768
30 20 1 0.846953 0.801307
30 87 1 0.052098 0.844662
30 5 1 0.032317 0.776527
30 25 1 0.068631 0.171673
31 82 1 0.002992 0.807562
31 59 1 0.537076 0.114095
31 88 1 0.444485 0.852253
31 48 1 0.015447 0.669058
32 94 1 0.221192 0.466592
32 3 1 0.156551 0.210107
32 55 1 0.065381 0.016031
32 86 1 0.556876 0.381152
33 22 1 0.265663 0.247335
33 17 1 0.316999 0.538804
33 78 1 0.078231 0.841190
33 94 1 0.339107 0.317634
34 88 1 0.780918 0.108291
34 51 1 0.073083 0.917798
34 77 1 0.136227 0.835934
34 48 1 0.009772 0.039814
35 78 1 0.726583 0.697631
35 30 1 0.257332 0.908164
35 11 1 0.001533 0.295634
35 94 1 0.014552 0.546670
36 84 1 0.088918 0.006118
36 54 1 0.662981 0.352073
36 22 1 0.043670 0.625714
36 93 1 0.204431 0.427837
37 10 1 0.177306 0.372906
37 28 1 0.099011 0.424645
37 26 1 0.126804 0.086549
37 30 1 0.596879 0.365864
38 14 1 0.087917 0.638183
38 31 1 0.192385 0.087681
38 52 1 0.433956 0.138153
38 93 1 0.285742 0.275547
39 87 1 0.317845 0.891135
39 38 1 0.189330 0.813344
39 79 1 0.401518 0.266522
39 41 1 0.091307 0.359383
40 93 1 0.674365 0.180578
40 66 1 0.006112 0.265368
40 62 1 0.102004 0.010540
40 9 1 0.217519 0.337654
41 42 1 0.768688 0.064978
41 56 1 0.094280 0.709535
41 96 1 0.133526 0.023063
41 92 1 0.003507 0.959318
42 32 1 0.691658 0.751740
42 45 1 0.129709 0.519007
42 68 1 0.045249 0.464846
42 61 1 0.133385 0.401287
43 53 1 0.737861 0.096523
43 60 1 0.105510 0.711878
43 45 1 0.026948 0.745447
43 7 1 0.129681 0.184530
44 82 1 0.956371 0.446035
44 36 1 0.039847 0.958280
44 14 1 0.003069 0.744179
44 10 1 0.000713 0.088147
45 62 1 0.392012 0.463336
45 41 1 0.540445 0.040087
45 90 1 0.052063 0.466279
45 92 1 0.015479 0.841025
46 15 1 0.174911 0.910748
46 75 1 0.730031 0.339047
46 31 1 0.015401 0.165731
46 53 1 0.079657 0.348604
47 54 1 0.136080 0.044881
47 71 1 0.190264 0.248057
47 45 1 0.443013 0.975001
47 20 1 0.230643 0.840398
48 31 1 0.589698 0.191826
48 53 1 0.313786 0.811696
48 60 1 0.022957 0.355654
48 84 1 0.073559 0.402371
49 52 1 0.216718 0.395549
49 16 1 0.345327 0.609635
49 91 1 0.389056 0.550193
49 74 1 0.048899 0.137221
50 44 1 0.294790 0.628558
50 80 1 0.162176 0.570038
50 18 1 0.343001 0.932476
50 48 1 0.200033 0.243110
51 60 1 0.116916 0.954892
51 53 1 0.237417 0.919854
51 62 1 0.642735 0.630115
51 68 1 0.002931 0.005498
52 13 1 0.159343 0.982367
52 1 1 0.763410 0.763686
52 88 1 0.009872 0.336288
52 93 1 0.067376 0.446026
53 1 1 0.176383 0.567965
53 75 1 0.331301 0.415694
53 22 1 0.030180 0.520922
53 52 1 0.462135 0.025013
54 30 1 0.175150 0.205614
54 90 1 0.120524 0.004929
54 96 1 0.687717 0.487915
54 47 1 0.016608 0.220428
55 47 1 0.634489 0.810391
55 7 1 0.257693 0.202006
55 3 1 0.101723 0.820443
55 93 1 0.006095 0.828315
56 57 1 0.501880 0.641340
56 17 1 0.367697 0.131068
56 85 1 0.067417 0.305133
56 75 1 0.063005 0.555430
57 88 1 0.228339 0.081368
57 27 1 0.226375 0.426692
57 53 1 0.427707 0.809235
57 4 1 0.117579 0.145376
58 73 1 0.196487 0.175142
58 14 1 0.322840 0.969862
58 57 1 0.370482 0.739708
58 33 1 0.110191 0.672305
59 81 1 0.154142 0.837113
59 67 1 0.250911 0.599399
59 33 1 0.072259 0.878005
59 68 1 0.522688 0.684715
60 24 1 0.983030 0.248709
60 68 1 0.002813 0.335580
60 41 1 0.002231 0.838410
60 45 1 0.011927 0.413420
61 20 1 0.335627 0.799675
61 70 1 0.241748 0.959105
61 35 1 0.267782 0.612479
61 14 1 0.154843 0.173036
62 16 1 0.642139 0.987316
62 53 1 0.233087 0.746134
62 60 1 0.022142 0.152278
62 22 1 0.102632 0.149583
64 54 1 0.611051 0.068418
64 53 1 0.105212 0.296993
64 76 1 0.098443 0.574294
64 70 1 0.185295 0.958017
65 36 1 0.121560 0.022996
65 51 1 0.769206 0.892089
65 56 1 0.107060 0.226784
65 61 1 0.002174 0.969004
66 3 1 0.205489 0.162868
66 60 1 0.197179 0.731625
66 34 1 0.545629 0.205629
66 16 1 0.051703 0.393076
67 15 1 0.471379 0.059848
67 64 1 0.306598 0.980225
67 94 1 0.087414 0.848606
67 81 1 0.134609 0.304070
68 96 1 0.149965 0.597055
68 61 1 0.559639 0.993781
68 47 1 0.021175 0.778461
68 27 1 0.269220 0.572908
69 88 1 0.872915 0.259849
69 46 1 0.069148 0.290226
69 56 1 0.039634 0.280094
69 98 1 0.018302 0.671734
70 57 1 0.441811 0.626996
70 71 1 0.169387 0.276715
70 49 1 0.192234 0.972093
70 17 1 0.196568 0.528668
71 93 1 0.644931 0.709797
71 3 1 0.120151 0.996586
71 68 1 0.185701 0.097926
71 67 1 0.049217 0.165943
72 70 1 0.809367 0.992346
72 2 1 0.056406 0.484078
72 19 1 0.051799 0.134378
72 27 1 0.082428 0.754849
73 62 1 0.246561 0.361424
73 84 1 0.205739 0.072126
73 93 1 0.040056 0.315442
73 34 1 0.507644 0.910989
74 98 1 0.231849 0.922219
74 57 1 0.712472 0.458297
74 28 1 0.049966 0.595636
74 79 1 0.005713 0.124727
75 52 1 0.490455 0.758308
75 86 1 0.259293 0.203350
75 25 1 0.075713 0.451856
75 70 1 0.174539 0.264156
76 14 1 0.793848 0.591466
76 13 1 0.155853 0.819122
76 33 1 0.028004 0.319364
76 57 1 0.022295 0.645268
77 68 1 0.724630 0.022065
77 29 1 0.021921 0.973853
77 13 1 0.173621 0.864244
77 40 1 0.079827 0.540034
78 27 1 0.519601 0.078787
78 31 1 0.424826 0.125939
78 94 1 0.025447 0.674240
78 97 1 0.030125 0.091015
79 47 1 0.575651 0.114310
79 94 1 0.184326 0.681784
79 14 1 0.011185 0.705419
79 71 1 0.228838 0.756689
80 54 1 0.337089 0.320076
80 32 1 0.026127 0.020767
80 55 1 0.079944 0.157320
80 48 1 0.556839 0.829552
81 65 1 0.475794 0.024005
81 53 1 0.404727 0.750668
81 3 1 0.036438 0.155763
81 90 1 0.083041 0.548167
82 30 1 0.266971 0.137448
82 52 1 0.122497 0.212170
82 75 1 0.180654 0.812689
82 54 1 0.429877 0.869538
83 22 1 0.164077 0.598276
83 86 1 0.573795 0.824053
83 64 1 0.046438 0.160674
83 53 1 0.215690 0.965858
84 41 1 0.331385 0.800675
84 33 1 0.197654 0.616632
84 81 1 0.268230 0.359984
84 53 1 0.202731 0.147416
85 70 1 0.727716 0.853234
85 57 1 0.050495 0.953880
85 80 1 0.192983 0.339960
85 1 1 0.028806 0.318772
86 36 1 0.148236 0.337986
86 72 1 0.399640 0.663089
86 95 1 0.384164 0.336028
86 82 1 0.067961 0.571142
87 66 1 0.346389 0.171545
87 8 1 0.289229 0.920891
87 53 1 0.166699 0.594464
87 39 1 0.197682 0.608034
88 6 1 0.323515 0.071171
88 66 1 0.485101 0.241414
88 3 1 0.008668 0.150773
88 58 1 0.182716 0.257078
89 66 1 0.070927 0.223248
89 90 1 0.694412 0.475199
89 85 1 0.148711 0.298608
89 19 1 0.085950 0.179852
90 65 1 0.186526 0.941452
90 40 1 0.507939 0.340978
90 38 1 0.166948 0.128916
90 51 1 0.138587 0.022636
91 2 1 0.282976 0.780370
91 90 1 0.440041 0.003398
91 34 1 0.011796 0.212678
91 72 1 0.265187 0.815147
92 43 1 0.003862 0.065189
92 2 1 0.812704 0.562938
92 29 1 0.000223 0.033646
92 23 1 0.183211 0.769083
93 99 1 0.361896 0.266437
93 62 1 0.101607 0.510042
93 95 1 0.311417 0.838962
93 42 1 0.225080 0.131318
94 59 1 0.189377 0.207103
94 3 1 0.066465 0.154135
94 92 1 0.726297 0.634581
94 77 1 0.017861 0.511749
95 39 1 0.808663 0.098526
95 97 1 0.012359 0.565615
95 43 1 0.143984 0.363943
95 41 1 0.034994 0.282584
96 53 1 0.641468 0.874274
96 8 1 0.089709 0.003270
96 30 1 0.022226 0.659879
96 39 1 0.246597 0.932969
97 26 1 0.156339 0.000000
97 94 1 0.819574 0.000000
97 76 1 0.007698 0.000000
97 61 1 0.016390 0.000000
98 44 1 0.291794 0.786851
98 77 1 0.664433 0.068023
98 52 1 0.010655 0.988495
98 34 1 0.033118 0.627354
99 10 1 0.769068 0.705587
99 22 1 0.075631 0.996748
99 76 1 0.052513 0.871618
99 11 1 0.102789 0.993303
100 48 1 0.194702 0.304390
100 97 1 0.439519 0.657242
100 11 1 0.222285 0.739989
100 90 1 0.143494 0.433341
