100 100 69 90 89
90 29 1 1 0
89 44 1 1 0
1 73 1 1.000000 0.388639
2 80 1 1.000000 0.471193
3 24 1 1.000000 0.124773
4 71 1 1.000000 0.403849
5 56 1 1.000000 0.660538
6 40 1 1.000000 0.917467
7 70 1 1.000000 0.247708
8 2 1 1.000000 0.278301
9 42 1 1.000000 0.086246
10 41 1 1.000000 0.228965
11 6 1 1.000000 0.347876
12 26 1 1.000000 0.431007
13 96 1 1.000000 0.125673
14 5 1 1.000000 0.293658
15 43 1 1.000000 0.383801
16 55 1 1.000000 0.204323
17 80 1 1.000000 0.771414
18 56 1 1.000000 0.360582
19 99 1 1.000000 0.839153
20 9 1 1.000000 0.502496
21 61 1 1.000000 0.238380
22 34 1 1.000000 0.789882
23 27 1 1.000000 0.120993
24 18 1 1.000000 0.514592
25 45 1 1.000000 0.150929
26 77 1 1.000000 0.617271
27 92 1 1.000000 0.526043
28 11 1 1.000000 0.179037
29 33 1 1.000000 0.915121
30 19 1 1.000000 0.630982
31 55 1 1.000000 0.684573
32 4 1 1.000000 0.235445
33 96 1 1.000000 0.346700
34 76 1 1.000000 0.901203
35 74 1 1.000000 0.605388
36 53 1 1.000000 0.879341
37 14 1 1.000000 0.424782
38 44 1 1.000000 0.692133
39 52 1 1.000000 0.369552
40 55 1 1.000000 0.483263
41 82 1 1.000000 0.500827
42 57 1 1.000000 0.236043
43 78 1 1.000000 0.883819
44 77 1 1.000000 0.128704
45 60 1 1.000000 0.650289
46 21 1 1.000000 0.993940
47 30 1 1.000000 0.616690
48 40 1 1.000000 0.945994
49 75 1 1.000000 0.263110
50 29 1 1.000000 0.571936
51 47 1 1.000000 0.189465
52 36 1 1.000000 0.459396
53 63 1 1.000000 0.159737
54 73 1 1.000000 0.594728
55 51 1 1.000000 0.316119
56 6 1 1.000000 0.194511
57 50 1 1.000000 0.801116
58 41 1 1.000000 0.710864
59 16 1 1.000000 0.979858
60 82 1 1.000000 0.532608
61 60 1 1.000000 0.225526
62 70 1 1.000000 0.285184
63 84 1 1.000000 0.979243
64 54 1 1.000000 0.620318
65 44 1 1.000000 0.651551
66 58 1 1.000000 0.931006
67 5 1 1.000000 0.884070
68 57 1 1.000000 0.643649
69 1 1 1.000000 0.000000
70 55 1 1.000000 0.997176
71 10 1 1.000000 0.932551
72 82 1 1.000000 0.749668
73 12 1 1.000000 0.894180
74 88 1 1.000000 0.334910
75 57 1 1.000000 0.570530
76 69 1 1.000000 0.692636
77 7 1 1.000000 0.018033
78 87 1 1.000000 0.112937
79 8 1 1.000000 0.819712
80 79 1 1.000000 0.956472
81 16 1 1.000000 0.529996
82 54 1 1.000000 0.557566
83 15 1 1.000000 0.938246
84 76 1 1.000000 0.379190
85 25 1 1.000000 0.227189
86 66 1 1.000000 0.785362
87 81 1 1.000000 0.824262
88 74 1 1.000000 0.382643
91 7 1 1.000000 0.866048
92 97 1 1.000000 0.469076
93 54 1 1.000000 0.498423
94 64 1 1.000000 0.910897
95 65 1 1.000000 0.457939
96 38 1 1.000000 0.135982
97 17 1 1.000000 0.996929
98 10 1 1.000000 0.654428
99 94 1 1.000000 0.128183
100 21 1 1.000000 0.119091
