10 26 2 1 5
1 2 1 1 0
5 8 1 1 0
2 8 1 0.081599 0.000000
2 6 1 0.688260 0.000000
2 4 1 0.230141 0.000000
3 7 1 0.259835 0.434790
3 2 1 0.580338 0.044868
3 6 1 0.159827 0.304186
4 6 1 0.349739 0.823689
4 8 1 0.525476 0.133604
4 7 1 0.124785 0.917113
6 8 1 0.246343 0.666654
6 2 1 0.678210 0.622916
6 9 1 0.075447 0.883590
7 9 1 0.947888 0.418578
7 2 1 0.045536 0.052239
7 6 1 0.006576 0.269423
8 4 1 0.169609 0.744529
8 6 1 0.228071 0.449657
8 2 1 0.602320 0.934200
9 8 1 0.159748 0.401273
9 7 1 0.701084 0.990810
9 3 1 0.139168 0.720725
10 6 1 0.782067 0.994851
10 3 1 0.157428 0.641613
10 4 1 0.060504 0.413904
