320 1274 174 238 144
238 183 1 1 0
144 242 1 1 0
1 62 1 0.053319 0.648329
1 113 1 0.613702 0.438171
1 134 1 0.088644 0.123406
1 236 1 0.244334 0.802660
2 1 1 0.361373 0.450791
2 315 1 0.502289 0.620225
2 48 1 0.059801 0.798479
2 145 1 0.076537 0.700967
3 163 1 0.488902 0.320809
3 19 1 0.372136 0.070142
3 72 1 0.092528 0.515634
3 235 1 0.046434 0.687336
4 261 1 0.600752 0.663596
4 82 1 0.086347 0.881575
4 263 1 0.095050 0.833525
4 55 1 0.217851 0.619551
5 190 1 0.201574 0.344118
5 45 1 0.727902 0.232820
5 66 1 0.030349 0.456028
5 64 1 0.040176 0.219069
6 160 1 0.429198 0.228863
6 166 1 0.355984 0.850011
6 214 1 0.088313 0.875217
6 18 1 0.126504 0.243817
7 122 1 0.837961 0.143407
7 176 1 0.160609 0.004644
7 191 1 0.000156 0.531833
7 264 1 0.001274 0.068277
8 231 1 0.525343 0.936512
8 162 1 0.021438 0.001245
8 187 1 0.329509 0.475369
8 81 1 0.123711 0.681986
9 63 1 0.944517 0.965901
9 109 1 0.017791 0.443967
9 316 1 0.013105 0.471250
9 64 1 0.024587 0.582440
10 212 1 0.158341 0.655784
10 44 1 0.335169 0.006241
10 316 1 0.426391 0.948498
10 55 1 0.080098 0.754485
11 170 1 0.613659 0.067003
11 68 1 0.372600 0.272652
11 78 1 0.012834 0.521286
11 220 1 0.000908 0.730278
12 258 1 0.008763 0.745995
12 21 1 0.570951 0.369542
12 63 1 0.341753 0.836701
12 128 1 0.078532 0.695050
13 174 1 0.059942 0.591375
13 128 1 0.868254 0.103488
13 300 1 0.068716 0.061285
13 14 1 0.003089 0.002202
14 294 1 0.623324 0.736530
14 194 1 0.213373 0.017300
14 139 1 0.082431 0.567561
14 204 1 0.080872 0.077873
15 50 1 0.064948 0.780233
15 118 1 0.928679 0.271727
15 148 1 0.000855 0.923131
15 280 1 0.005518 0.045921
16 280 1 0.987342 0.258060
16 15 1 0.008626 0.491370
16 150 1 0.002165 0.582907
16 131 1 0.001867 0.445803
17 231 1 0.051443 0.743658
17 146 1 0.614260 0.616509
17 302 1 0.183102 0.775160
17 123 1 0.151195 0.158616
18 298 1 0.100156 0.029974
18 88 1 0.339742 0.742514
18 285 1 0.333861 0.165914
18 148 1 0.226240 0.431594
19 155 1 0.486834 0.972986
19 44 1 0.132355 0.711391
19 156 1 0.196339 0.980032
19 201 1 0.184472 0.699000
20 172 1 0.976826 0.648378
20 219 1 0.020668 0.249106
20 118 1 0.001911 0.396640
20 134 1 0.000595 0.481559
21 27 1 0.755586 0.362397
21 98 1 0.032653 0.954832
21 147 1 0.053977 0.469911
21 109 1 0.157784 0.622677
22 80 1 0.580953 0.479795
22 286 1 0.322720 0.919314
22 312 1 0.019811 0.263967
22 129 1 0.076515 0.923786
23 84 1 0.431333 0.754802
23 141 1 0.156325 0.375879
23 197 1 0.022635 0.179569
23 152 1 0.389707 0.150417
24 263 1 0.346497 0.513464
24 27 1 0.207000 0.544871
24 72 1 0.004466 0.509976
24 175 1 0.442036 0.140248
25 281 1 0.795666 0.002248
25 54 1 0.203037 0.834286
25 86 1 0.000858 0.307858
25 48 1 0.000440 0.608749
26 141 1 0.382612 0.536083
26 52 1 0.171890 0.953023
26 303 1 0.395703 0.580684
26 85 1 0.049796 0.665051
27 203 1 0.493765 0.796128
27 140 1 0.343187 0.240458
27 74 1 0.011425 0.906767
27 163 1 0.151623 0.628558
28 39 1 0.222077 0.080837
28 299 1 0.466150 0.086170
28 297 1 0.305372 0.125112
28 173 1 0.006401 0.572088
29 185 1 0.538228 0.836348
29 232 1 0.382113 0.451835
29 282 1 0.072306 0.966534
29 264 1 0.007352 0.113825
30 306 1 0.429221 0.170649
30 274 1 0.501001 0.635149
30 181 1 0.044983 0.707574
30 179 1 0.024795 0.234711
31 203 1 0.800203 0.419829
31 59 1 0.076266 0.886569
31 11 1 0.055069 0.189284
31 147 1 0.068461 0.883385
32 193 1 0.793947 0.008996
32 190 1 0.008368 0.468273
32 110 1 0.015973 0.260831
32 262 1 0.181712 0.319307
33 303 1 0.658568 0.201105
33 309 1 0.021079 0.330491
33 281 1 0.213605 0.570543
33 143 1 0.106748 0.697292
34 293 1 0.994003 0.526121
34 154 1 0.002173 0.463675
34 26 1 0.001411 0.617034
34 221 1 0.002413 0.790899
35 228 1 0.933066 0.958932
35 297 1 0.036246 0.629917
35 259 1 0.022872 0.511859
35 315 1 0.007817 0.064116
36 274 1 0.101538 0.359753
36 220 1 0.445323 0.879243
36 181 1 0.128963 0.059257
36 186 1 0.324176 0.918875
37 182 1 0.699068 0.069993
37 125 1 0.084325 0.076864
37 173 1 0.069342 0.025705
37 245 1 0.147265 0.135149
38 306 1 0.616935 0.428215
38 140 1 0.382060 0.646053
38 236 1 0.000614 0.878057
38 153 1 0.000392 0.590485
39 258 1 0.796206 0.769476
39 171 1 0.171092 0.542384
39 134 1 0.014295 0.882435
39 129 1 0.018407 0.687596
40 280 1 0.868075 0.572156
40 77 1 0.114454 0.014841
40 161 1 0.004997 0.049264
40 53 1 0.012474 0.141208
41 174 1 0.991437 0.117198
41 122 1 0.001431 0.286982
41 195 1 0.003571 0.928814
41 147 1 0.003561 0.905534
42 65 1 0.523551 0.758772
42 221 1 0.364428 0.607028
42 156 1 0.024285 0.060414
42 292 1 0.087736 0.405858
43 306 1 0.339043 0.143457
43 203 1 0.502764 0.794341
43 287 1 0.109309 0.840715
43 260 1 0.048883 0.541582
44 104 1 0.951696 0.269457
44 256 1 0.047314 0.343409
44 234 1 0.000479 0.691048
44 285 1 0.000510 0.983533
45 62 1 0.787908 0.138083
45 195 1 0.174968 0.088482
45 318 1 0.028026 0.551257
45 156 1 0.009098 0.518393
46 15 1 0.751590 0.742306
46 235 1 0.114152 0.623120
46 97 1 0.045228 0.979495
46 273 1 0.089030 0.144904
47 86 1 0.739554 0.404672
47 230 1 0.250151 0.390177
47 82 1 0.008458 0.937096
47 155 1 0.001837 0.007179
48 306 1 0.325053 0.984581
48 31 1 0.235146 0.405323
48 207 1 0.301659 0.089551
48 269 1 0.138142 0.940169
49 260 1 0.599365 0.429808
49 82 1 0.389580 0.917323
49 96 1 0.010932 0.640632
49 5 1 0.000123 0.578746
50 91 1 0.356837 0.590808
50 252 1 0.399467 0.429191
50 85 1 0.192089 0.476915
50 77 1 0.051607 0.821429
51 135 1 0.730929 0.220902
51 161 1 0.098075 0.975211
51 125 1 0.064801 0.608134
51 27 1 0.106195 0.313383
52 97 1 0.019738 0.487886
52 40 1 0.372849 0.777512
52 101 1 0.533128 0.548332
52 266 1 0.074285 0.816008
53 23 1 0.856844 0.631613
53 99 1 0.020103 0.092086
53 210 1 0.052119 0.149042
53 38 1 0.070934 0.846737
54 122 1 0.377627 0.711289
54 306 1 0.445023 0.137732
54 99 1 0.119255 0.001484
54 316 1 0.058095 0.902438
55 217 1 0.196314 0.987027
55 288 1 0.645392 0.954153
55 151 1 0.093530 0.098455
55 311 1 0.064765 0.998507
56 318 1 0.767506 0.972531
56 146 1 0.094249 0.009349
56 260 1 0.077151 0.732990
56 47 1 0.061094 0.677300
57 16 1 0.856383 0.503210
57 145 1 0.113148 0.481748
57 160 1 0.020746 0.956311
57 107 1 0.009724 0.436395
58 185 1 0.796095 0.421300
58 33 1 0.113315 0.451654
58 291 1 0.053281 0.427286
58 108 1 0.037309 0.517749
59 301 1 0.224535 0.134655
59 205 1 0.532893 0.146406
59 135 1 0.074761 0.134203
59 79 1 0.167811 0.857986
60 33 1 0.953870 0.454568
60 235 1 0.002101 0.941548
60 133 1 0.020021 0.759263
60 55 1 0.024008 0.647695
61 122 1 0.834888 0.296564
61 24 1 0.126941 0.654515
61 200 1 0.007382 0.524173
61 244 1 0.030789 0.347704
62 118 1 0.147426 0.803097
62 298 1 0.048780 0.572811
62 240 1 0.502210 0.133851
62 15 1 0.301584 0.647100
63 266 1 0.537821 0.570271
63 179 1 0.086627 0.378087
63 115 1 0.327595 0.840713
63 53 1 0.047957 0.719371
64 5 1 0.077878 0.414686
64 55 1 0.464744 0.909909
64 208 1 0.044643 0.928422
64 20 1 0.412735 0.309341
65 307 1 0.982601 0.471455
65 48 1 0.015430 0.612833
65 234 1 0.000563 0.018051
65 172 1 0.001406 0.065593
66 188 1 0.593548 0.484748
66 314 1 0.126902 0.344402
66 69 1 0.266881 0.158907
66 170 1 0.012668 0.976748
67 199 1 0.456396 0.222038
67 203 1 0.495316 0.423438
67 37 1 0.043526 0.482268
67 20 1 0.004762 0.569307
68 226 1 0.950302 0.875408
68 169 1 0.024136 0.069608
68 74 1 0.006235 0.408388
68 28 1 0.019327 0.387495
69 300 1 0.072003 0.037760
69 274 1 0.891284 0.126468
69 60 1 0.005195 0.576265
69 99 1 0.031518 0.004314
70 41 1 0.502647 0.178121
70 299 1 0.447267 0.555807
70 221 1 0.046316 0.844070
70 307 1 0.003770 0.560048
71 266 1 0.487955 0.742954
71 16 1 0.199193 0.403573
71 148 1 0.309647 0.631963
71 270 1 0.003205 0.504834
72 71 1 0.500018 0.823851
72 36 1 0.258708 0.343893
72 79 1 0.130332 0.758202
72 166 1 0.110942 0.158870
73 191 1 0.052868 0.203925
73 101 1 0.554988 0.563951
73 19 1 0.264691 0.913867
73 60 1 0.127453 0.754744
74 95 1 0.442364 0.898023
74 87 1 0.043191 0.483620
74 18 1 0.464025 0.432984
74 82 1 0.050421 0.209019
75 78 1 0.912870 0.527354
75 54 1 0.018129 0.230754
75 101 1 0.019879 0.216743
75 303 1 0.049123 0.714258
76 222 1 0.854421 0.336517
76 283 1 0.141978 0.876422
76 119 1 0.000177 0.885226
76 311 1 0.003423 0.344022
77 26 1 0.667068 0.492421
77 179 1 0.150196 0.907563
77 90 1 0.038757 0.310014
77 66 1 0.143979 0.083960
78 266 1 0.040206 0.647286
78 310 1 0.390717 0.376275
78 161 1 0.337743 0.489614
78 2 1 0.231334 0.256709
79 7 1 0.400143 0.090469
79 309 1 0.382783 0.916330
79 60 1 0.094244 0.929636
79 185 1 0.122830 0.832803
80 133 1 0.894081 0.675490
80 138 1 0.020976 0.574374
80 31 1 0.048546 0.830002
80 113 1 0.036397 0.003727
81 28 1 0.823467 0.311498
81 157 1 0.014087 0.423107
81 280 1 0.152338 0.772233
81 230 1 0.010108 0.080146
82 32 1 0.883672 0.297720
82 297 1 0.111864 0.916646
82 312 1 0.000373 0.988329
82 109 1 0.004091 0.298138
83 31 1 0.441725 0.470101
83 201 1 0.287393 0.472695
83 200 1 0.130629 0.641135
83 41 1 0.140253 0.386903
84 272 1 0.048092 0.070645
84 108 1 0.361441 0.529879
84 32 1 0.302937 0.394147
84 297 1 0.287529 0.989877
85 75 1 0.443646 0.511840
85 229 1 0.175652 0.792030
85 152 1 0.338779 0.784755
85 129 1 0.041924 0.695798
86 220 1 0.539841 0.125355
86 312 1 0.404024 0.499603
86 130 1 0.002474 0.629501
86 15 1 0.053661 0.086477
87 90 1 0.124812 0.864404
87 190 1 0.201004 0.542395
87 199 1 0.082382 0.012258
87 223 1 0.591802 0.157853
88 116 1 0.381393 0.986242
88 18 1 0.208633 0.492720
88 16 1 0.265642 0.334081
88 143 1 0.144332 0.716337
89 283 1 0.134706 0.740576
89 295 1 0.199618 0.459036
89 54 1 0.036608 0.818335
89 314 1 0.629069 0.821204
90 61 1 0.476574 0.074633
90 154 1 0.340208 0.757102
90 212 1 0.096084 0.645312
90 91 1 0.087133 0.960793
91 143 1 0.402197 0.409655
91 200 1 0.414995 0.291216
91 239 1 0.169721 0.850947
91 96 1 0.013087 0.951329
92 307 1 0.505530 0.895841
92 271 1 0.119843 0.752266
92 181 1 0.055663 0.191711
92 62 1 0.318964 0.991575
93 288 1 0.690827 0.575698
93 13 1 0.094705 0.084070
93 299 1 0.137344 0.982985
93 188 1 0.077123 0.610508
94 6 1 0.600106 0.582367
94 109 1 0.285272 0.097857
94 310 1 0.051487 0.225164
94 95 1 0.063135 0.367964
95 298 1 0.487860 0.545923
95 297 1 0.420903 0.959973
95 106 1 0.052142 0.149349
95 315 1 0.039095 0.493655
96 229 1 0.051076 0.453501
96 26 1 0.930466 0.339003
96 278 1 0.011800 0.196535
96 312 1 0.006658 0.273140
97 187 1 0.004028 0.297505
97 61 1 0.711547 0.174547
97 53 1 0.068162 0.663984
97 21 1 0.216262 0.455590
98 272 1 0.738521 0.703063
98 251 1 0.120111 0.946744
98 261 1 0.009956 0.551095
98 171 1 0.131412 0.654856
99 48 1 0.546011 0.283252
99 248 1 0.348700 0.447954
99 230 1 0.040948 0.201119
99 17 1 0.064340 0.199795
100 99 1 0.956418 0.145918
100 198 1 0.023137 0.069192
100 30 1 0.000967 0.947726
100 78 1 0.019478 0.970998
101 175 1 0.115018 0.220450
101 143 1 0.784386 0.954110
101 186 1 0.012598 0.967203
101 165 1 0.087998 0.644618
102 26 1 0.009265 0.941646
102 273 1 0.195982 0.195860
102 143 1 0.604437 0.220456
102 132 1 0.190316 0.672559
103 156 1 0.036413 0.924904
103 246 1 0.675916 0.401783
103 41 1 0.191742 0.193661
103 289 1 0.095929 0.162882
104 312 1 0.518899 0.363230
104 34 1 0.153732 0.501813
104 157 1 0.246598 0.856115
104 53 1 0.080771 0.419943
105 194 1 0.623552 0.753474
105 177 1 0.111996 0.121580
105 114 1 0.073652 0.149027
105 126 1 0.190800 0.063780
106 129 1 0.124517 0.809844
106 55 1 0.265129 0.400793
106 296 1 0.512255 0.947625
106 284 1 0.098099 0.793455
107 91 1 0.747363 0.441399
107 314 1 0.092400 0.687799
107 301 1 0.026847 0.183346
107 189 1 0.133390 0.632356
108 192 1 0.343911 0.850240
108 119 1 0.143149 0.366367
108 55 1 0.428100 0.090545
108 155 1 0.084839 0.689962
109 261 1 0.163207 0.286875
109 30 1 0.508779 0.723626
109 1 1 0.188070 0.465331
109 286 1 0.139944 0.826054
110 302 1 0.957945 0.570351
110 251 1 0.030973 0.652636
110 206 1 0.008299 0.088064
110 246 1 0.002783 0.929277
111 177 1 0.182539 0.807797
111 36 1 0.600622 0.809211
111 215 1 0.152276 0.083813
111 169 1 0.064563 0.570307
112 177 1 0.197193 0.162495
112 52 1 0.223541 0.482479
112 10 1 0.042404 0.676018
112 51 1 0.536861 0.894893
113 18 1 0.230506 0.543765
113 123 1 0.517399 0.811421
113 176 1 0.238620 0.692939
113 254 1 0.013475 0.926632
114 177 1 0.115707 0.420872
114 260 1 0.175942 0.910305
114 219 1 0.233885 0.091434
114 268 1 0.474466 0.129964
115 254 1 0.318670 0.963174
115 308 1 0.483337 0.308895
115 245 1 0.155061 0.958775
115 235 1 0.042932 0.308634
116 215 1 0.694587 0.496451
116 300 1 0.255077 0.528574
116 70 1 0.037839 0.979343
116 156 1 0.012498 0.198289
117 10 1 0.926942 0.154023
117 178 1 0.021634 0.681672
117 230 1 0.002870 0.224101
117 100 1 0.048554 0.062283
118 109 1 0.686803 0.278775
118 117 1 0.208120 0.749409
118 26 1 0.027583 0.977312
118 74 1 0.077495 0.076004
119 260 1 0.003854 0.038883
119 29 1 0.523285 0.010098
119 242 1 0.162641 0.372214
119 117 1 0.310219 0.355094
120 81 1 0.094861 0.255824
120 252 1 0.888596 0.208917
120 167 1 0.006855 0.623806
120 206 1 0.009687 0.998042
121 163 1 0.351533 0.207595
121 132 1 0.628426 0.896905
121 140 1 0.012418 0.931508
121 21 1 0.007623 0.233348
122 72 1 0.378472 0.858360
122 147 1 0.254189 0.718664
122 77 1 0.223114 0.765042
122 115 1 0.144226 0.179402
123 135 1 0.493711 0.374576
123 2 1 0.075711 0.141068
123 138 1 0.250807 0.027967
123 30 1 0.179770 0.337345
124 90 1 0.635666 0.756406
124 315 1 0.079527 0.943495
124 293 1 0.051959 0.287177
124 99 1 0.232848 0.777743
125 174 1 0.687490 0.563632
125 204 1 0.238326 0.836650
125 306 1 0.037380 0.336868
125 71 1 0.036803 0.975772
126 109 1 0.413679 0.399268
126 12 1 0.476846 0.941223
126 145 1 0.066277 0.928470
126 49 1 0.043198 0.449106
127 41 1 0.270850 0.817231
127 175 1 0.085094 0.959987
127 165 1 0.580503 0.613832
127 229 1 0.063553 0.559357
128 107 1 0.642860 0.699831
128 120 1 0.261894 0.753863
128 115 1 0.069976 0.213025
128 270 1 0.025269 0.657797
129 251 1 0.632481 0.253874
129 254 1 0.052882 0.373712
129 79 1 0.258809 0.370477
129 112 1 0.055827 0.788461
130 82 1 0.310994 0.174755
130 155 1 0.468638 0.294928
130 15 1 0.037617 0.228140
130 5 1 0.182751 0.592188
131 264 1 0.992672 0.930512
131 152 1 0.002682 0.191477
131 143 1 0.001766 0.347417
131 35 1 0.002880 0.211875
132 147 1 0.966875 0.603923
132 224 1 0.012216 0.536277
132 241 1 0.017113 0.424583
132 109 1 0.003797 0.440301
133 216 1 0.020578 0.097476
133 228 1 0.350513 0.201674
133 180 1 0.287691 0.283671
133 5 1 0.341218 0.670644
134 28 1 0.530570 0.248192
134 113 1 0.030316 0.815968
134 161 1 0.043606 0.539263
134 176 1 0.395508 0.585211
135 287 1 0.263176 0.329601
135 114 1 0.029021 0.018370
135 193 1 0.098668 0.200813
135 183 1 0.609135 0.544815
136 23 1 0.590801 0.401669
136 307 1 0.115784 0.651190
136 241 1 0.228690 0.264859
136 273 1 0.064724 0.811369
137 31 1 0.776372 0.927626
137 108 1 0.061509 0.640327
137 173 1 0.051647 0.208008
137 220 1 0.110472 0.826630
138 51 1 0.786010 0.745396
138 187 1 0.002746 0.837026
138 13 1 0.084288 0.244371
138 314 1 0.126956 0.140758
139 127 1 0.259383 0.559228
139 263 1 0.172299 0.668906
139 137 1 0.230726 0.737523
139 63 1 0.337592 0.133154
140 168 1 0.574928 0.393821
140 167 1 0.394135 0.109077
140 171 1 0.000199 0.462758
140 64 1 0.030738 0.455845
141 75 1 0.283071 0.018034
141 139 1 0.314478 0.774907
141 177 1 0.054509 0.379824
141 210 1 0.347941 0.623212
142 251 1 0.608999 0.652363
142 126 1 0.214920 0.336611
142 175 1 0.155367 0.456618
142 8 1 0.020714 0.909037
143 240 1 0.417365 0.283049
143 48 1 0.442565 0.607156
143 298 1 0.092988 0.763209
143 262 1 0.047082 0.904148
145 36 1 0.317040 0.980220
145 219 1 0.076749 0.125429
145 4 1 0.230554 0.935521
145 174 1 0.375657 0.421785
146 7 1 0.027243 0.004919
146 177 1 0.393462 0.259417
146 74 1 0.543456 0.854536
146 57 1 0.035839 0.204842
147 152 1 0.812254 0.657393
147 194 1 0.113727 0.014415
147 159 1 0.021471 0.880797
147 68 1 0.052548 0.562266
148 138 1 0.020832 0.794149
148 296 1 0.838776 0.323877
148 130 1 0.086933 0.756502
148 305 1 0.053459 0.588267
149 143 1 0.447084 0.628363
149 89 1 0.256302 0.642702
149 157 1 0.180645 0.053683
149 6 1 0.115970 0.189265
150 228 1 0.422932 0.010041
150 14 1 0.384021 0.620508
150 4 1 0.064596 0.926820
150 267 1 0.128450 0.698524
151 140 1 0.934342 0.767639
151 178 1 0.022497 0.764841
151 63 1 0.040347 0.990602
151 168 1 0.002815 0.915195
152 226 1 0.930221 0.967336
152 41 1 0.028011 0.486377
152 218 1 0.039313 0.774056
152 50 1 0.002455 0.750617
153 48 1 0.753761 0.867128
153 221 1 0.117590 0.345688
153 223 1 0.115342 0.403746
153 162 1 0.013306 0.647599
154 186 1 0.668174 0.486303
154 85 1 0.136155 0.408492
154 7 1 0.062790 0.830263
154 127 1 0.132881 0.816361
155 67 1 0.282374 0.842009
155 166 1 0.549560 0.357942
155 194 1 0.011676 0.421833
155 204 1 0.156390 0.757705
156 250 1 0.642569 0.552677
156 112 1 0.166267 0.032403
156 297 1 0.145776 0.466460
156 181 1 0.045388 0.442220
157 200 1 0.775663 0.613201
157 243 1 0.199925 0.994471
157 294 1 0.007581 0.633049
157 216 1 0.016831 0.994332
158 256 1 0.173223 0.329667
158 297 1 0.086290 0.796636
158 164 1 0.119680 0.455336
158 184 1 0.620808 0.905826
159 156 1 0.076431 0.287167
159 15 1 0.120430 0.427187
159 140 1 0.001596 0.834081
159 170 1 0.801544 0.752322
160 56 1 0.401863 0.317217
160 38 1 0.005805 0.386436
160 219 1 0.037621 0.065024
160 211 1 0.554711 0.929192
161 48 1 0.472381 0.697035
161 230 1 0.251677 0.393201
161 54 1 0.066123 0.574472
161 233 1 0.209820 0.593581
162 103 1 0.086757 0.888836
162 60 1 0.357312 0.386964
162 148 1 0.251398 0.906535
162 169 1 0.304532 0.097385
163 14 1 0.198172 0.924000
163 22 1 0.343415 0.058793
163 162 1 0.062324 0.714467
163 263 1 0.396089 0.935009
164 133 1 0.546760 0.524810
164 247 1 0.329276 0.855910
164 232 1 0.001974 0.889240
164 122 1 0.121989 0.042365
165 170 1 0.251182 0.635933
165 206 1 0.697698 0.934243
165 18 1 0.016723 0.411220
165 215 1 0.034397 0.596099
166 292 1 0.983726 0.503255
166 181 1 0.014124 0.739522
166 187 1 0.001729 0.859078
166 236 1 0.000421 0.919507
167 304 1 0.586944 0.392581
167 8 1 0.225142 0.866815
167 86 1 0.074789 0.430936
167 40 1 0.113125 0.346937
168 153 1 0.722394 0.806186
168 93 1 0.119953 0.158591
168 39 1 0.104747 0.535867
168 200 1 0.052907 0.237838
169 111 1 0.141419 0.871175
169 92 1 0.056780 0.661653
169 222 1 0.363302 0.061210
169 2 1 0.438498 0.544287
170 152 1 0.014953 0.696941
170 50 1 0.172129 0.385464
170 278 1 0.739112 0.034380
170 273 1 0.073806 0.058117
171 180 1 0.767375 0.725883
171 120 1 0.128429 0.198463
171 217 1 0.074964 0.855327
171 101 1 0.029232 0.571734
172 48 1 0.589801 0.933371
172 237 1 0.381936 0.048867
172 222 1 0.018821 0.433961
172 6 1 0.009443 0.415302
173 124 1 0.389151 0.632522
173 240 1 0.354547 0.676570
173 220 1 0.129409 0.942944
173 96 1 0.126893 0.855017
174 209 1 0.383036 0.000000
174 88 1 0.024029 0.000000
174 120 1 0.517288 0.000000
174 193 1 0.075647 0.000000
175 95 1 0.652664 0.373305
175 205 1 0.288302 0.164187
175 21 1 0.036178 0.972282
175 247 1 0.022856 0.376080
176 86 1 0.930995 0.305090
176 60 1 0.012268 0.559205
176 236 1 0.053700 0.593268
176 196 1 0.003036 0.793756
177 259 1 0.248369 0.531606
177 138 1 0.157264 0.298655
177 305 1 0.171915 0.683131
177 199 1 0.422451 0.865352
178 295 1 0.544314 0.887999
178 263 1 0.185020 0.437330
178 153 1 0.041432 0.714050
178 155 1 0.229234 0.583520
179 172 1 0.710636 0.427532
179 50 1 0.056243 0.860777
179 256 1 0.214496 0.855814
179 8 1 0.018625 0.446969
180 286 1 0.721853 0.477133
180 266 1 0.195438 0.530365
180 13 1 0.036916 0.842749
180 198 1 0.045794 0.513189
181 294 1 0.235670 0.364355
181 233 1 0.289242 0.662365
181 82 1 0.012047 0.574395
181 184 1 0.463041 0.601377
182 1 1 0.877786 0.381659
182 201 1 0.066682 0.814844
182 165 1 0.048891 0.292475
182 203 1 0.006641 0.147864
183 194 1 0.387072 0.922618
183 294 1 0.010620 0.662601
183 279 1 0.086908 0.070066
183 142 1 0.515400 0.959211
184 154 1 0.403655 0.331852
184 263 1 0.295949 0.272412
184 81 1 0.007970 0.930372
184 80 1 0.292426 0.382910
185 248 1 0.519261 0.369974
185 280 1 0.180676 0.332866
185 56 1 0.159816 0.784704
185 192 1 0.140248 0.858302
186 113 1 0.294541 0.665550
186 318 1 0.353189 0.757883
186 44 1 0.018882 0.719039
186 270 1 0.333387 0.588189
187 43 1 0.633795 0.199235
187 51 1 0.307769 0.778217
187 25 1 0.003342 0.574006
187 309 1 0.055094 0.122896
188 171 1 0.428238 0.102814
188 223 1 0.361971 0.156028
188 283 1 0.156348 0.951454
188 84 1 0.053443 0.043862
189 93 1 0.985449 0.883859
189 255 1 0.012350 0.103089
189 192 1 0.000354 0.160739
189 294 1 0.001847 0.879934
190 209 1 0.468118 0.430337
190 183 1 0.206443 0.619777
190 276 1 0.188810 0.950036
190 102 1 0.136629 0.818481
191 236 1 0.511581 0.325885
191 5 1 0.139808 0.151522
191 44 1 0.018371 0.796272
191 179 1 0.330241 0.512280
192 85 1 0.948865 0.054902
192 232 1 0.044925 0.113120
192 216 1 0.002963 0.113763
192 153 1 0.003247 0.864660
193 76 1 0.512165 0.345643
193 196 1 0.195826 0.077350
193 265 1 0.076343 0.786776
193 74 1 0.215666 0.634622
194 239 1 0.763532 0.512395
194 215 1 0.072981 0.324320
194 117 1 0.003747 0.877718
194 78 1 0.159740 0.744414
195 29 1 0.500310 0.510269
195 214 1 0.168874 0.339881
195 248 1 0.054225 0.381256
195 251 1 0.276591 0.094659
196 285 1 0.822426 0.155906
196 121 1 0.099892 0.720068
196 132 1 0.050884 0.825653
196 221 1 0.026798 0.485768
197 312 1 0.611221 0.717476
197 214 1 0.315975 0.222394
197 110 1 0.052930 0.943585
197 176 1 0.019875 0.914106
198 171 1 0.442750 0.580761
198 81 1 0.133369 0.606950
198 66 1 0.017013 0.459224
198 87 1 0.406869 0.741004
199 193 1 0.170556 0.845010
199 217 1 0.557748 0.632406
199 54 1 0.177864 0.496746
199 277 1 0.093833 0.677994
200 129 1 0.228925 0.756735
200 58 1 0.242849 0.729133
200 111 1 0.167498 0.229436
200 204 1 0.360728 0.408774
201 253 1 0.057664 0.671322
201 164 1 0.182487 0.642871
201 67 1 0.527653 0.970244
201 172 1 0.232196 0.279475
202 168 1 0.369315 0.529239
202 183 1 0.471461 0.103277
202 38 1 0.079244 0.076935
202 196 1 0.079981 0.300324
203 77 1 0.224464 0.898936
203 286 1 0.186652 0.154923
203 235 1 0.044044 0.530643
203 42 1 0.544841 0.915206
204 87 1 0.778225 0.668016
204 47 1 0.177940 0.293782
204 51 1 0.004446 0.534561
204 187 1 0.039389 0.132592
205 261 1 0.804916 0.060286
205 268 1 0.132177 0.155377
205 151 1 0.008366 0.424250
205 112 1 0.054541 0.214789
206 137 1 0.015736 0.067607
206 5 1 0.012699 0.528758
206 306 1 0.347808 0.071285
206 10 1 0.623757 0.283126
207 222 1 0.220729 0.290738
207 148 1 0.145703 0.341246
207 287 1 0.473045 0.370146
207 139 1 0.160523 0.132358
208 206 1 0.776503 0.464461
208 186 1 0.017546 0.258559
208 132 1 0.029929 0.456152
208 139 1 0.176022 0.863639
209 30 1 0.746422 0.235061
209 198 1 0.223832 0.866869
209 100 1 0.014754 0.330254
209 305 1 0.014991 0.714430
210 169 1 0.510952 0.380928
210 137 1 0.352050 0.129550
210 181 1 0.010606 0.916855
210 34 1 0.126392 0.506674
211 96 1 0.847577 0.876751
211 183 1 0.041223 0.425804
211 86 1 0.049852 0.377818
211 143 1 0.061348 0.147141
212 23 1 0.013650 0.700327
212 273 1 0.812947 0.660790
212 192 1 0.038274 0.333483
212 290 1 0.135129 0.197644
213 104 1 0.208152 0.035751
213 303 1 0.246776 0.835148
213 108 1 0.248923 0.069912
213 109 1 0.296150 0.849232
214 78 1 0.762733 0.184986
214 225 1 0.036528 0.011877
214 119 1 0.053249 0.735375
214 192 1 0.147490 0.226926
215 46 1 0.635357 0.916083
215 111 1 0.277698 0.942521
215 166 1 0.048025 0.153308
215 177 1 0.038920 0.569669
216 250 1 0.461812 0.574623
216 304 1 0.213510 0.237395
216 163 1 0.006545 0.122399
216 30 1 0.318133 0.392003
217 289 1 0.637079 0.568785
217 12 1 0.167932 0.692522
217 274 1 0.115781 0.948504
217 151 1 0.079208 0.159506
218 153 1 0.520048 0.462747
218 166 1 0.371576 0.010530
218 35 1 0.050803 0.171383
218 17 1 0.057573 0.020730
219 251 1 0.156087 0.669422
219 177 1 0.008687 0.945817
219 39 1 0.687670 0.249288
219 204 1 0.147556 0.364950
220 49 1 0.173942 0.640936
220 117 1 0.671030 0.182893
220 97 1 0.007702 0.655295
220 140 1 0.147326 0.665930
221 13 1 0.748564 0.137398
221 313 1 0.135312 0.878532
221 217 1 0.024001 0.802134
221 220 1 0.092123 0.932975
222 123 1 0.773617 0.175608
222 218 1 0.221153 0.651603
222 265 1 0.004993 0.589210
222 22 1 0.000238 0.875086
223 173 1 0.752422 0.533094
223 123 1 0.030189 0.781360
223 271 1 0.151128 0.151363
223 157 1 0.066261 0.393789
224 74 1 0.604248 0.880130
224 89 1 0.306835 0.869165
224 234 1 0.029100 0.910409
224 194 1 0.059817 0.707933
225 44 1 0.077959 0.339050
225 173 1 0.253003 0.429990
225 27 1 0.539367 0.372963
225 317 1 0.129670 0.103835
226 208 1 0.125058 0.867519
226 151 1 0.292806 0.974620
226 248 1 0.038759 0.812743
226 65 1 0.543377 0.978026
227 297 1 0.496578 0.115754
227 241 1 0.033744 0.921636
227 222 1 0.051381 0.375735
227 95 1 0.418297 0.466672
228 126 1 0.439787 0.905905
228 150 1 0.232026 0.012447
228 215 1 0.256968 0.481070
228 119 1 0.071220 0.291308
229 48 1 0.312001 0.350379
229 241 1 0.680069 0.319473
229 19 1 0.002778 0.919906
229 278 1 0.005152 0.442096
230 140 1 0.943404 0.749263
230 283 1 0.025123 0.899515
230 299 1 0.014583 0.245070
230 101 1 0.016891 0.165927
231 194 1 0.707617 0.936863
231 40 1 0.063819 0.523354
231 257 1 0.087403 0.570084
231 268 1 0.141161 0.714537
232 236 1 0.486347 0.717213
232 279 1 0.282524 0.930827
232 142 1 0.213640 0.518929
232 68 1 0.017489 0.586224
233 133 1 0.040749 0.239781
233 276 1 0.897941 0.445363
233 65 1 0.059402 0.774662
233 21 1 0.001908 0.700194
234 108 1 0.365454 0.378695
234 102 1 0.129224 0.000582
234 193 1 0.449802 0.702621
234 85 1 0.055520 0.331578
235 23 1 0.578804 0.745826
235 203 1 0.000062 0.794582
235 287 1 0.183624 0.970876
235 148 1 0.237510 0.293169
236 34 1 0.912344 0.072923
236 291 1 0.013427 0.861130
236 55 1 0.013152 0.000683
236 189 1 0.061077 0.006312
237 212 1 0.341008 0.262132
237 181 1 0.010502 0.985205
237 147 1 0.022793 0.766446
237 140 1 0.625697 0.970438
239 234 1 0.814761 0.218026
239 240 1 0.105369 0.810498
239 127 1 0.070353 0.884126
239 62 1 0.009517 0.894609
240 285 1 0.201202 0.875801
240 183 1 0.796721 0.208272
240 298 1 0.000834 0.216251
240 245 1 0.001244 0.187353
241 113 1 0.300581 0.506880
241 46 1 0.219795 0.151926
241 58 1 0.142707 0.693423
241 69 1 0.336917 0.895349
242 219 1 0.128826 0.110120
242 78 1 0.463660 0.916462
242 284 1 0.123968 0.790430
242 1 1 0.283545 0.650766
243 59 1 0.753089 0.181386
243 158 1 0.071762 0.705480
243 23 1 0.158504 0.997490
243 262 1 0.016645 0.955202
244 125 1 0.717488 0.054229
244 278 1 0.193920 0.291909
244 295 1 0.071043 0.475884
244 204 1 0.017549 0.688072
245 121 1 0.644597 0.383578
245 164 1 0.182208 0.607748
245 97 1 0.155601 0.452428
245 301 1 0.017594 0.255144
246 99 1 0.077298 0.879333
246 25 1 0.144860 0.692377
246 125 1 0.116407 0.930664
246 121 1 0.661435 0.990700
247 265 1 0.483342 0.421187
247 40 1 0.294570 0.507092
247 183 1 0.033055 0.124016
247 230 1 0.189033 0.913855
248 222 1 0.043695 0.204623
248 269 1 0.812676 0.853958
248 263 1 0.075366 0.681895
248 15 1 0.068263 0.084072
249 103 1 0.102553 0.971560
249 1 1 0.134659 0.175414
249 192 1 0.504662 0.865470
249 2 1 0.258126 0.956274
250 186 1 0.963755 0.914230
250 156 1 0.031231 0.889419
250 2 1 0.002537 0.426942
250 245 1 0.002476 0.901382
251 313 1 0.285974 0.235821
251 132 1 0.056724 0.690933
251 295 1 0.293116 0.344340
251 227 1 0.364186 0.364121
252 198 1 0.086847 0.668122
252 270 1 0.219328 0.915808
252 111 1 0.666712 0.992684
252 318 1 0.027113 0.517511
253 222 1 0.538460 0.976796
253 315 1 0.014820 0.016317
253 299 1 0.332444 0.270622
253 109 1 0.114276 0.523513
254 21 1 0.768439 0.562009
254 213 1 0.169036 0.657454
254 18 1 0.054805 0.871001
254 74 1 0.007720 0.652202
255 252 1 0.473809 0.453626
255 200 1 0.320829 0.370887
255 303 1 0.062585 0.573306
255 263 1 0.142777 0.842768
256 257 1 0.327788 0.235475
256 36 1 0.068208 0.125374
256 66 1 0.273797 0.591573
256 41 1 0.330206 0.678397
257 36 1 0.033387 0.847802
257 42 1 0.432368 0.070154
257 11 1 0.488862 0.824015
257 202 1 0.045382 0.201057
258 152 1 0.810327 0.222850
258 44 1 0.006283 0.039478
258 195 1 0.155551 0.786776
258 283 1 0.027839 0.608550
259 19 1 0.440173 0.623028
259 102 1 0.079490 0.813225
259 270 1 0.143852 0.662341
259 288 1 0.336486 0.305568
260 2 1 0.819695 0.296639
260 268 1 0.039388 0.209362
260 298 1 0.039514 0.918645
260 316 1 0.101404 0.841889
261 248 1 0.606595 0.476745
261 87 1 0.386156 0.078523
261 17 1 0.000218 0.074962
261 249 1 0.007031 0.757093
262 212 1 0.351541 0.012284
262 198 1 0.339496 0.399559
262 181 1 0.217657 0.179804
262 93 1 0.091306 0.632129
263 290 1 0.029696 0.105053
263 232 1 0.323466 0.831156
263 138 1 0.542232 0.637521
263 6 1 0.104606 0.270541
264 298 1 0.187776 0.273150
264 178 1 0.456837 0.408845
264 149 1 0.168436 0.959093
264 24 1 0.186951 0.159970
265 9 1 0.840347 0.569767
265 159 1 0.108749 0.525878
265 225 1 0.043647 0.100882
265 160 1 0.007258 0.349516
266 202 1 0.276845 0.959112
266 209 1 0.187916 0.054258
266 231 1 0.274693 0.934607
266 220 1 0.260546 0.136616
267 99 1 0.199603 0.642838
267 181 1 0.247368 0.513531
267 296 1 0.489763 0.914200
267 100 1 0.063266 0.635908
268 274 1 0.209822 0.945848
268 97 1 0.443168 0.551842
268 149 1 0.077991 0.167855
268 221 1 0.269019 0.955686
269 203 1 0.402196 0.556032
269 42 1 0.142358 0.104625
269 100 1 0.412642 0.372847
269 172 1 0.042803 0.989796
270 242 1 0.640245 0.391172
270 70 1 0.025082 0.514200
270 85 1 0.130990 0.486313
270 168 1 0.203682 0.921703
271 183 1 0.729456 0.812848
271 171 1 0.250457 0.264476
271 27 1 0.002259 0.950243
271 12 1 0.017828 0.870408
272 194 1 0.316830 0.177228
272 143 1 0.058924 0.663540
272 171 1 0.382883 0.979389
272 208 1 0.241363 0.584221
273 302 1 0.480059 0.804218
273 161 1 0.129628 0.058257
273 97 1 0.007271 0.615635
273 2 1 0.383042 0.321976
274 62 1 0.390633 0.846020
274 195 1 0.505148 0.349528
274 291 1 0.026394 0.645109
274 146 1 0.077825 0.971140
275 84 1 0.973254 0.188715
275 209 1 0.006712 0.854326
275 180 1 0.012788 0.666072
275 271 1 0.007246 0.714508
276 146 1 0.427346 0.124899
276 189 1 0.223571 0.535329
276 154 1 0.139805 0.127667
276 295 1 0.209278 0.156415
277 77 1 0.391320 0.885484
277 6 1 0.268336 0.205309
277 254 1 0.027797 0.827767
277 90 1 0.312547 0.742759
278 174 1 0.617847 0.087696
278 117 1 0.076465 0.961891
278 49 1 0.196924 0.638778
278 200 1 0.108763 0.589060
279 237 1 0.171808 0.549205
279 243 1 0.087527 0.710178
279 23 1 0.203363 0.908273
279 88 1 0.537302 0.676405
280 239 1 0.645994 0.981709
280 113 1 0.161169 0.344394
280 37 1 0.137755 0.784615
280 16 1 0.055081 0.309261
281 222 1 0.161578 0.149821
281 206 1 0.292437 0.628431
281 318 1 0.370220 0.863731
281 193 1 0.175765 0.059234
282 33 1 0.943525 0.486407
282 82 1 0.049509 0.332046
282 190 1 0.001627 0.596787
282 241 1 0.005338 0.591739
283 50 1 0.017494 0.071737
283 141 1 0.028650 0.965595
283 175 1 0.223063 0.597465
283 28 1 0.730792 0.709052
284 83 1 0.489936 0.315992
284 151 1 0.325923 0.626574
284 104 1 0.105280 0.801493
284 89 1 0.078861 0.086239
285 156 1 0.903389 0.120249
285 147 1 0.045742 0.510907
285 286 1 0.001417 0.625455
285 10 1 0.049452 0.164740
286 52 1 0.374052 0.561451
286 16 1 0.017500 0.168402
286 317 1 0.271239 0.795027
286 288 1 0.337209 0.498151
287 47 1 0.247652 0.014394
287 20 1 0.224600 0.304588
287 164 1 0.090344 0.764087
287 285 1 0.437404 0.429415
288 240 1 0.278500 0.676585
288 201 1 0.696959 0.207008
288 89 1 0.001206 0.558347
288 143 1 0.023335 0.340639
289 87 1 0.419543 0.155544
289 195 1 0.072514 0.337093
289 124 1 0.067063 0.407740
289 227 1 0.440881 0.422636
290 277 1 0.930520 0.254972
290 103 1 0.038931 0.391598
290 256 1 0.022423 0.000715
290 115 1 0.008126 0.701667
291 32 1 0.187458 0.035891
291 112 1 0.111144 0.819609
291 142 1 0.157786 0.418669
291 115 1 0.543612 0.340847
292 262 1 0.917459 0.498349
292 35 1 0.022863 0.378388
292 311 1 0.024990 0.495845
292 206 1 0.034688 0.730650
293 181 1 0.486175 0.340731
293 277 1 0.240978 0.038088
293 216 1 0.002526 0.072394
293 21 1 0.270322 0.755995
294 81 1 0.339052 0.905251
294 213 1 0.652562 0.038711
294 309 1 0.004548 0.051184
294 127 1 0.003838 0.872605
295 22 1 0.358347 0.695671
295 261 1 0.078416 0.503453
295 200 1 0.542398 0.466817
295 250 1 0.020839 0.805676
296 77 1 0.210424 0.262297
296 84 1 0.772033 0.636360
296 18 1 0.011048 0.349432
296 272 1 0.006495 0.604700
297 316 1 0.063889 0.403786
297 33 1 0.006740 0.472906
297 18 1 0.866051 0.915441
297 99 1 0.063319 0.526429
298 289 1 0.974458 0.811312
298 132 1 0.013949 0.444886
298 130 1 0.000355 0.988763
298 81 1 0.011238 0.631662
299 274 1 0.954897 0.480859
299 244 1 0.034895 0.780862
299 131 1 0.009387 0.502872
299 308 1 0.000821 0.936475
300 235 1 0.941949 0.473805
300 17 1 0.048133 0.900265
300 277 1 0.005112 0.595537
300 301 1 0.004807 0.917812
301 21 1 0.906682 0.955662
301 297 1 0.062729 0.246040
301 62 1 0.018141 0.730303
301 234 1 0.012447 0.387900
302 75 1 0.708237 0.822975
302 297 1 0.040112 0.114322
302 44 1 0.015163 0.274016
302 17 1 0.236488 0.427904
303 285 1 0.307917 0.360581
303 304 1 0.256608 0.976004
303 55 1 0.244341 0.003129
303 43 1 0.191134 0.742248
304 177 1 0.214668 0.432862
304 72 1 0.706821 0.078814
304 103 1 0.053773 0.886393
304 173 1 0.024738 0.680185
305 213 1 0.293209 0.928235
305 120 1 0.130694 0.416755
305 60 1 0.072634 0.490088
305 182 1 0.503463 0.637406
306 40 1 0.559332 0.542546
306 189 1 0.439804 0.508540
306 51 1 0.000641 0.666015
306 313 1 0.000223 0.845406
307 222 1 0.065682 0.927356
307 289 1 0.004568 0.298509
307 90 1 0.669640 0.157212
307 245 1 0.260110 0.365123
308 305 1 0.025541 0.350828
308 47 1 0.205817 0.849892
308 15 1 0.627551 0.745351
308 115 1 0.141091 0.027952
309 133 1 0.973204 0.314047
309 185 1 0.015812 0.165336
309 137 1 0.000981 0.332148
309 207 1 0.010003 0.871243
310 162 1 0.030557 0.852744
310 180 1 0.601947 0.362863
310 12 1 0.350268 0.936580
310 127 1 0.017227 0.732264
311 164 1 0.910826 0.946014
311 67 1 0.078127 0.419132
311 277 1 0.003063 0.101737
311 129 1 0.007985 0.302719
312 246 1 0.835532 0.486080
312 168 1 0.086615 0.863060
312 90 1 0.053902 0.439978
312 139 1 0.023952 0.322655
313 287 1 0.791133 0.511214
313 149 1 0.201943 0.013568
313 109 1 0.006230 0.600601
313 8 1 0.000694 0.587779
314 127 1 0.067716 0.929864
314 159 1 0.219017 0.449674
314 109 1 0.448062 0.883824
314 29 1 0.265206 0.844021
315 128 1 0.493304 0.995728
315 199 1 0.347430 0.587699
315 62 1 0.059919 0.620278
315 222 1 0.099347 0.419942
316 34 1 0.119328 0.440885
316 185 1 0.297461 0.157301
316 125 1 0.337351 0.064385
316 166 1 0.245860 0.362750
317 50 1 0.214546 0.393753
317 261 1 0.468563 0.404184
317 162 1 0.072710 0.986368
317 211 1 0.244181 0.175383
318 121 1 0.071425 0.832738
318 173 1 0.148382 0.161573
318 126 1 0.022181 0.960983
318 73 1 0.758012 0.742798
319 28 1 0.777186 0.881753
319 192 1 0.004253 0.730509
319 202 1 0.039637 0.595367
319 63 1 0.178924 0.401336
320 40 1 0.970868 0.388097
320 291 1 0.016546 0.319666
320 201 1 0.005676 0.677148
320 116 1 0.006911 0.175272
