160 634 53 73 32
73 155 1 1 0
32 56 1 1 0
1 22 1 0.909086 0.125503
1 155 1 0.057024 0.283448
1 33 1 0.011391 0.980915
1 101 1 0.022499 0.305766
2 8 1 0.484492 0.170815
2 25 1 0.460785 0.810471
2 7 1 0.027328 0.869152
2 83 1 0.027395 0.644242
3 96 1 0.172556 0.385516
3 155 1 0.191270 0.301910
3 18 1 0.443772 0.814855
3 68 1 0.192402 0.967702
4 36 1 0.884860 0.617650
4 68 1 0.060234 0.735437
4 22 1 0.029257 0.180148
4 13 1 0.025649 0.763840
5 83 1 0.496931 0.034122
5 131 1 0.221808 0.150687
5 90 1 0.073176 0.710354
5 3 1 0.208084 0.931739
6 43 1 0.429952 0.167140
6 31 1 0.194303 0.818794
6 159 1 0.053198 0.755009
6 120 1 0.322546 0.648997
7 156 1 0.473196 0.643426
7 155 1 0.043822 0.896234
7 128 1 0.355014 0.407153
7 74 1 0.127968 0.347500
8 90 1 0.555898 0.765464
8 49 1 0.442288 0.286735
8 130 1 0.000252 0.584910
8 37 1 0.001562 0.112197
9 129 1 0.400199 0.872790
9 88 1 0.102648 0.374433
9 137 1 0.191025 0.770545
9 38 1 0.306128 0.540518
10 143 1 0.431678 0.972616
10 145 1 0.154869 0.675051
10 133 1 0.086354 0.357806
10 64 1 0.327098 0.431303
11 3 1 0.398566 0.009110
11 126 1 0.362451 0.847149
11 26 1 0.188916 0.553854
11 156 1 0.050068 0.587634
12 147 1 0.789423 0.243811
12 123 1 0.112763 0.186913
12 79 1 0.037982 0.161826
12 45 1 0.059832 0.885593
13 53 1 0.619383 0.875530
13 8 1 0.029872 0.886798
13 87 1 0.130317 0.003956
13 84 1 0.220429 0.913922
14 7 1 0.312838 0.138135
14 132 1 0.145821 0.616101
14 6 1 0.430117 0.291328
14 2 1 0.111224 0.881874
15 26 1 0.304103 0.289701
15 79 1 0.641667 0.928296
15 91 1 0.036096 0.686969
15 75 1 0.018134 0.817843
16 49 1 0.541098 0.586515
16 54 1 0.266044 0.852886
16 129 1 0.122328 0.250882
16 62 1 0.070531 0.188144
17 31 1 0.063178 0.061476
17 99 1 0.549790 0.605506
17 100 1 0.272048 0.360795
17 103 1 0.114984 0.469835
18 157 1 0.112430 0.532777
18 4 1 0.234444 0.499259
18 105 1 0.575609 0.553558
18 124 1 0.077517 0.060281
19 114 1 0.859928 0.060437
19 27 1 0.098647 0.354995
19 37 1 0.031437 0.477481
19 78 1 0.009988 0.861956
20 7 1 0.525773 0.078030
20 130 1 0.391392 0.041434
20 39 1 0.054110 0.715734
20 93 1 0.028725 0.378149
21 139 1 0.089806 0.689935
21 130 1 0.628506 0.872531
21 66 1 0.043915 0.755908
21 144 1 0.237772 0.490547
22 131 1 0.126697 0.322223
22 91 1 0.255035 0.459147
22 64 1 0.105875 0.139406
22 147 1 0.512394 0.390445
23 91 1 0.424076 0.806585
23 38 1 0.550569 0.576768
23 41 1 0.007083 0.714202
23 146 1 0.018272 0.769804
24 100 1 0.718201 0.079433
24 157 1 0.069793 0.910933
24 18 1 0.195176 0.672227
24 124 1 0.016830 0.232527
25 23 1 0.813535 0.713555
25 120 1 0.061043 0.955299
25 122 1 0.041406 0.905273
25 111 1 0.084015 0.922860
26 151 1 0.207925 0.045811
26 12 1 0.538054 0.439915
26 66 1 0.159020 0.169699
26 103 1 0.095001 0.950609
27 133 1 0.400675 0.975826
27 143 1 0.535588 0.446606
27 60 1 0.028864 0.569205
27 140 1 0.034873 0.079300
28 39 1 0.981294 0.933400
28 24 1 0.015673 0.442821
28 158 1 0.002296 0.950923
28 19 1 0.000737 0.467783
29 153 1 0.218505 0.373222
29 149 1 0.353867 0.458385
29 3 1 0.309117 0.025637
29 50 1 0.118511 0.846282
30 7 1 0.448526 0.238447
30 151 1 0.471109 0.010501
30 38 1 0.039845 0.863209
30 97 1 0.040519 0.920182
31 30 1 0.658649 0.448074
31 4 1 0.034274 0.750388
31 9 1 0.188678 0.620695
31 55 1 0.118400 0.457845
33 86 1 0.864185 0.718091
33 112 1 0.122084 0.293894
33 104 1 0.009328 0.769674
33 108 1 0.004403 0.096898
34 157 1 0.724137 0.496008
34 151 1 0.120489 0.294580
34 60 1 0.015170 0.437397
34 74 1 0.140205 0.950857
35 3 1 0.927666 0.567076
35 51 1 0.036695 0.780402
35 18 1 0.010541 0.426311
35 62 1 0.025097 0.292547
36 34 1 0.107355 0.976583
36 3 1 0.473530 0.428938
36 42 1 0.026901 0.029931
36 157 1 0.392215 0.137890
37 27 1 0.135978 0.997572
37 40 1 0.837394 0.720137
37 16 1 0.002536 0.914852
37 20 1 0.024092 0.873465
38 30 1 0.576679 0.542356
38 104 1 0.210172 0.571219
38 70 1 0.171137 0.793532
38 121 1 0.042012 0.161698
39 21 1 0.481871 0.233783
39 33 1 0.459358 0.131984
39 143 1 0.055614 0.473647
39 135 1 0.003158 0.634416
40 121 1 0.536954 0.972574
40 152 1 0.393882 0.464094
40 30 1 0.046173 0.629373
40 48 1 0.022991 0.308457
41 104 1 0.424560 0.244105
41 60 1 0.212571 0.436890
41 81 1 0.065015 0.923805
41 101 1 0.297854 0.231522
42 51 1 0.230004 0.877579
42 140 1 0.051097 0.239901
42 101 1 0.302205 0.031831
42 54 1 0.416694 0.541979
43 116 1 0.930040 0.275308
43 118 1 0.024615 0.425469
43 41 1 0.042978 0.752251
43 75 1 0.002367 0.642408
44 120 1 0.570331 0.480862
44 82 1 0.002287 0.819834
44 72 1 0.421886 0.776389
44 47 1 0.005496 0.084049
45 88 1 0.667303 0.933437
45 92 1 0.221938 0.442745
45 2 1 0.089304 0.799865
45 117 1 0.021456 0.200984
46 87 1 0.937887 0.568124
46 122 1 0.048693 0.831970
46 138 1 0.002892 0.820877
46 45 1 0.010528 0.148612
47 106 1 0.075782 0.012597
47 113 1 0.761036 0.265410
47 6 1 0.011333 0.512832
47 98 1 0.151850 0.190192
48 69 1 0.139054 0.267565
48 53 1 0.318733 0.129529
48 127 1 0.401972 0.971303
48 128 1 0.140241 0.725253
49 60 1 0.589958 0.831238
49 153 1 0.133712 0.397964
49 19 1 0.038730 0.401414
49 40 1 0.237600 0.868730
50 94 1 0.962196 0.713088
50 157 1 0.017844 0.592758
50 156 1 0.008009 0.564092
50 137 1 0.011951 0.695102
51 38 1 0.146966 0.853881
51 71 1 0.725797 0.024741
51 24 1 0.054719 0.913321
51 45 1 0.072517 0.858997
52 69 1 0.261269 0.766169
52 95 1 0.148216 0.867021
52 92 1 0.189496 0.414340
52 83 1 0.401019 0.772160
53 112 1 0.091331 0.000000
53 19 1 0.903535 0.000000
53 40 1 0.000621 0.000000
53 124 1 0.004513 0.000000
54 141 1 0.985928 0.723657
54 103 1 0.003178 0.678624
54 9 1 0.001479 0.345507
54 13 1 0.009415 0.234181
55 142 1 0.077274 0.166392
55 15 1 0.434471 0.135096
55 36 1 0.324878 0.340384
55 51 1 0.163377 0.892399
56 152 1 0.150393 0.339032
56 3 1 0.240156 0.687348
56 104 1 0.235087 0.193057
56 52 1 0.374363 0.676147
57 81 1 0.635611 0.979911
57 48 1 0.031336 0.677408
57 18 1 0.044346 0.281180
57 101 1 0.288706 0.251487
58 46 1 0.180621 0.436708
58 99 1 0.081774 0.465576
58 4 1 0.094659 0.614331
58 9 1 0.642946 0.564347
59 95 1 0.030590 0.357693
59 112 1 0.067493 0.123059
59 139 1 0.793547 0.715932
59 5 1 0.108371 0.565637
60 48 1 0.287707 0.701227
60 156 1 0.536453 0.480829
60 87 1 0.062552 0.877910
60 85 1 0.113288 0.887465
61 15 1 0.263534 0.884701
61 52 1 0.546813 0.664076
61 50 1 0.052942 0.465214
61 81 1 0.136712 0.104808
62 155 1 0.872399 0.185404
62 143 1 0.023893 0.000927
62 93 1 0.052287 0.638671
62 137 1 0.051422 0.020272
63 157 1 0.252017 0.066595
63 128 1 0.218769 0.936722
63 113 1 0.335677 0.771247
63 76 1 0.193537 0.628056
64 56 1 0.266973 0.646278
64 57 1 0.266901 0.013937
64 127 1 0.285053 0.673928
64 63 1 0.181074 0.860098
65 104 1 0.175180 0.013952
65 70 1 0.558348 0.091589
65 4 1 0.181819 0.348080
65 75 1 0.084654 0.637732
66 9 1 0.737660 0.763839
66 92 1 0.000049 0.234609
66 10 1 0.006637 0.557203
66 30 1 0.255654 0.020320
67 45 1 0.936291 0.801483
67 148 1 0.027188 0.352594
67 34 1 0.020694 0.556344
67 18 1 0.015827 0.944496
68 70 1 0.857351 0.772942
68 46 1 0.027599 0.508509
68 102 1 0.029702 0.633829
68 84 1 0.085348 0.446602
69 97 1 0.376229 0.283400
69 77 1 0.572862 0.775506
69 6 1 0.004016 0.677765
69 18 1 0.046893 0.923334
70 61 1 0.694839 0.906817
70 24 1 0.141278 0.396872
70 154 1 0.051629 0.119063
70 143 1 0.112254 0.691769
71 152 1 0.789953 0.564883
71 33 1 0.142325 0.898975
71 59 1 0.022222 0.839901
71 133 1 0.045499 0.563677
72 89 1 0.999606 0.772624
72 27 1 0.000049 0.524371
72 36 1 0.000127 0.270445
72 119 1 0.000217 0.389870
74 22 1 0.389136 0.632595
74 124 1 0.515719 0.145804
74 119 1 0.093816 0.517888
74 31 1 0.001329 0.537646
75 57 1 0.458007 0.806426
75 128 1 0.135747 0.977432
75 60 1 0.259229 0.046436
75 27 1 0.147017 0.630081
76 42 1 0.485322 0.012017
76 19 1 0.328157 0.013038
76 44 1 0.013942 0.057412
76 111 1 0.172579 0.594360
77 64 1 0.146838 0.598006
77 145 1 0.789475 0.657854
77 121 1 0.063563 0.849923
77 86 1 0.000124 0.037330
78 148 1 0.914419 0.116921
78 52 1 0.059110 0.567021
78 104 1 0.023075 0.263973
78 49 1 0.003396 0.388831
79 75 1 0.990311 0.245921
79 24 1 0.007082 0.073497
79 152 1 0.000060 0.439843
79 142 1 0.002547 0.560315
80 91 1 0.069555 0.201352
80 126 1 0.522005 0.405929
80 156 1 0.225430 0.360549
80 43 1 0.183010 0.944929
81 87 1 0.256209 0.370791
81 115 1 0.532348 0.721916
81 64 1 0.161959 0.412251
81 137 1 0.049484 0.761026
82 1 1 0.768620 0.925881
82 20 1 0.067982 0.493232
82 119 1 0.129239 0.671104
82 54 1 0.034159 0.891063
83 5 1 0.705079 0.065100
83 145 1 0.228208 0.843622
83 96 1 0.034154 0.372748
83 23 1 0.032559 0.111262
84 29 1 0.637719 0.715891
84 132 1 0.055888 0.438175
84 12 1 0.167548 0.520534
84 99 1 0.138845 0.943132
85 19 1 0.327222 0.950488
85 24 1 0.024721 0.364824
85 87 1 0.436001 0.033510
85 70 1 0.212056 0.572816
86 53 1 0.560272 0.898938
86 61 1 0.421524 0.983941
86 71 1 0.009495 0.196272
86 2 1 0.008709 0.391020
87 93 1 0.256276 0.031750
87 63 1 0.515252 0.915631
87 143 1 0.027923 0.989444
87 109 1 0.200549 0.706363
88 114 1 0.319276 0.288297
88 140 1 0.552368 0.913590
88 151 1 0.047128 0.389991
88 42 1 0.081228 0.794073
89 21 1 0.187126 0.743581
89 140 1 0.179044 0.914637
89 19 1 0.048900 0.036794
89 86 1 0.584929 0.360402
90 137 1 0.135042 0.599835
90 75 1 0.735172 0.134177
90 48 1 0.105333 0.175946
90 96 1 0.024453 0.516902
91 39 1 0.393338 0.273935
91 76 1 0.299476 0.249496
91 153 1 0.156513 0.181701
91 135 1 0.150673 0.785216
92 100 1 0.024232 0.209481
92 13 1 0.834144 0.870183
92 158 1 0.029094 0.384707
92 28 1 0.112530 0.573539
93 8 1 0.880311 0.428244
93 51 1 0.107493 0.770959
93 14 1 0.002139 0.684622
93 78 1 0.010057 0.240766
94 138 1 0.672588 0.495696
94 106 1 0.292791 0.363589
94 141 1 0.009696 0.384785
94 121 1 0.024925 0.133790
95 140 1 0.025193 0.269849
95 101 1 0.907216 0.868767
95 57 1 0.040562 0.504903
95 62 1 0.027029 0.253859
96 122 1 0.645622 0.885438
96 38 1 0.154748 0.163997
96 6 1 0.056574 0.796691
96 68 1 0.143056 0.984218
97 123 1 0.247519 0.123265
97 68 1 0.242293 0.308462
97 138 1 0.188092 0.138722
97 115 1 0.322097 0.819406
98 4 1 0.919547 0.054681
98 17 1 0.078128 0.335938
98 116 1 0.000531 0.034390
98 83 1 0.001795 0.442024
99 78 1 0.082507 0.467357
99 57 1 0.079749 0.622525
99 95 1 0.065189 0.275270
99 76 1 0.772554 0.406827
100 10 1 0.255718 0.935105
100 28 1 0.146338 0.833454
100 53 1 0.438984 0.050988
100 23 1 0.158960 0.619488
101 106 1 0.510221 0.873617
101 31 1 0.236006 0.708325
101 55 1 0.230111 0.484001
101 13 1 0.023662 0.099150
102 151 1 0.996033 0.935697
102 35 1 0.002868 0.731290
102 33 1 0.000767 0.492172
102 19 1 0.000333 0.380849
103 92 1 0.267826 0.600549
103 95 1 0.400259 0.315327
103 66 1 0.224113 0.169957
103 55 1 0.107802 0.493606
104 100 1 0.424820 0.584587
104 59 1 0.490270 0.421185
104 103 1 0.077408 0.334414
104 9 1 0.007502 0.441796
105 127 1 0.092023 0.797297
105 81 1 0.506140 0.850077
105 49 1 0.037523 0.057197
105 130 1 0.364314 0.985975
106 24 1 0.835603 0.898244
106 6 1 0.078813 0.831481
106 53 1 0.041929 0.526419
106 101 1 0.043654 0.724063
107 62 1 0.399415 0.713742
107 102 1 0.190811 0.082443
107 156 1 0.178291 0.908701
107 101 1 0.231483 0.339840
108 154 1 0.654093 0.051085
108 19 1 0.086447 0.640525
108 132 1 0.111897 0.441755
108 110 1 0.147562 0.109745
109 158 1 0.179306 0.637939
109 144 1 0.136398 0.347611
109 28 1 0.629806 0.022530
109 34 1 0.054490 0.707267
110 17 1 0.762731 0.884447
110 46 1 0.076642 0.166586
110 51 1 0.160261 0.689532
110 37 1 0.000366 0.192609
111 37 1 0.030146 0.173868
111 105 1 0.232525 0.771279
111 63 1 0.607340 0.998793
111 95 1 0.129989 0.127215
112 48 1 0.071235 0.197662
112 156 1 0.450852 0.220933
112 62 1 0.408557 0.675911
112 54 1 0.069356 0.531123
113 45 1 0.834811 0.951794
113 118 1 0.142805 0.424210
113 77 1 0.012173 0.803963
113 50 1 0.010211 0.817247
114 96 1 0.609264 0.544173
114 18 1 0.024960 0.553426
114 37 1 0.250593 0.130154
114 10 1 0.115184 0.123164
115 120 1 0.027980 0.112915
115 33 1 0.356990 0.505777
115 36 1 0.262084 0.654502
115 40 1 0.352945 0.436566
116 137 1 0.818064 0.021587
116 93 1 0.013731 0.453515
116 150 1 0.081662 0.586248
116 135 1 0.086543 0.849151
117 77 1 0.217177 0.386123
117 18 1 0.361806 0.274686
117 94 1 0.205614 0.096836
117 19 1 0.215404 0.704234
118 148 1 0.761817 0.609587
118 144 1 0.226162 0.548783
118 56 1 0.011854 0.658236
118 25 1 0.000166 0.465648
119 15 1 0.515626 0.489077
119 44 1 0.288622 0.769735
119 45 1 0.082267 0.368931
119 62 1 0.113485 0.680892
120 40 1 0.195439 0.258806
120 107 1 0.324250 0.204339
120 116 1 0.247411 0.101421
120 84 1 0.232901 0.949306
121 150 1 0.698066 0.048512
121 118 1 0.007896 0.753072
121 60 1 0.117053 0.363415
121 86 1 0.176985 0.167636
122 136 1 0.191888 0.388031
122 96 1 0.752012 0.225434
122 21 1 0.023760 0.721934
122 22 1 0.032340 0.626767
123 55 1 0.549580 0.969634
123 56 1 0.439379 0.326040
123 61 1 0.010098 0.143018
123 117 1 0.000943 0.986931
124 148 1 0.069548 0.198259
124 136 1 0.121034 0.893821
124 18 1 0.199748 0.069538
124 150 1 0.609670 0.559706
125 153 1 0.817537 0.671765
125 112 1 0.160318 0.878854
125 10 1 0.013313 0.989214
125 67 1 0.008832 0.427927
126 22 1 0.469481 0.341096
126 150 1 0.251971 0.500112
126 91 1 0.037240 0.250520
126 37 1 0.241309 0.323874
127 34 1 0.179179 0.683558
127 136 1 0.789634 0.583141
127 24 1 0.005979 0.619780
127 9 1 0.025207 0.188098
128 139 1 0.743181 0.621950
128 82 1 0.076651 0.753616
128 158 1 0.082794 0.321218
128 98 1 0.097374 0.083178
129 141 1 0.605851 0.194806
129 84 1 0.293344 0.941014
129 159 1 0.001125 0.936773
129 4 1 0.099679 0.795004
130 105 1 0.044850 0.182024
130 21 1 0.320623 0.089216
130 143 1 0.382067 0.804905
130 86 1 0.252461 0.518385
131 7 1 0.813880 0.523557
131 100 1 0.096575 0.911312
131 1 1 0.050966 0.473111
131 143 1 0.038579 0.043236
132 117 1 0.731071 0.548503
132 76 1 0.130900 0.268809
132 62 1 0.121285 0.811677
132 154 1 0.016744 0.432943
133 11 1 0.455745 0.268841
133 129 1 0.297673 0.563575
133 17 1 0.030739 0.822042
133 1 1 0.215842 0.973948
134 145 1 0.634939 0.616540
134 138 1 0.179134 0.096705
134 119 1 0.102860 0.554808
134 47 1 0.083067 0.256213
135 2 1 0.403350 0.716495
135 117 1 0.054783 0.021044
135 140 1 0.248211 0.174224
135 67 1 0.293655 0.660744
136 125 1 0.891330 0.495743
136 138 1 0.043954 0.351321
136 90 1 0.050838 0.923096
136 106 1 0.013877 0.174137
137 148 1 0.013226 0.964497
137 15 1 0.951043 0.953486
137 35 1 0.025405 0.160120
137 19 1 0.010326 0.456633
138 120 1 0.741425 0.963760
138 18 1 0.135280 0.894533
138 30 1 0.110923 0.404338
138 126 1 0.012372 0.945577
139 43 1 0.450824 0.929487
139 115 1 0.057677 0.717541
139 35 1 0.248515 0.291327
139 86 1 0.242984 0.766065
140 23 1 0.779618 0.411443
140 80 1 0.122143 0.561882
140 42 1 0.008611 0.763828
140 151 1 0.089628 0.753213
141 22 1 0.405611 0.122077
141 128 1 0.070495 0.408557
141 62 1 0.058551 0.301443
141 159 1 0.465343 0.918338
142 13 1 0.325841 0.932987
142 35 1 0.499726 0.961732
142 87 1 0.106867 0.844641
142 130 1 0.067567 0.491615
143 15 1 0.219619 0.602295
143 79 1 0.533360 0.192217
143 95 1 0.043812 0.810487
143 153 1 0.203209 0.656939
144 9 1 0.420173 0.867220
144 126 1 0.187533 0.182558
144 67 1 0.208120 0.313254
144 23 1 0.184175 0.026988
145 2 1 0.541675 0.527346
145 85 1 0.007494 0.527039
145 142 1 0.421620 0.043946
145 104 1 0.029211 0.822900
146 40 1 0.576540 0.742898
146 34 1 0.006575 0.861692
146 155 1 0.094027 0.678728
146 69 1 0.322859 0.792852
147 158 1 0.745510 0.477019
147 27 1 0.074600 0.865490
147 91 1 0.116102 0.650247
147 4 1 0.063788 0.117460
148 153 1 0.901543 0.527208
148 8 1 0.020644 0.092684
148 26 1 0.064057 0.221617
148 121 1 0.013756 0.051479
149 154 1 0.879671 0.623054
149 110 1 0.006814 0.644761
149 134 1 0.017220 0.513388
149 29 1 0.096295 0.262405
150 122 1 0.914287 0.156782
150 30 1 0.066258 0.327294
150 44 1 0.016706 0.286103
150 41 1 0.002749 0.483305
151 50 1 0.919598 0.319963
151 122 1 0.052799 0.238716
151 134 1 0.004593 0.343201
151 16 1 0.023010 0.973397
152 29 1 0.266209 0.036549
152 82 1 0.071516 0.335563
152 102 1 0.408942 0.556160
152 39 1 0.253333 0.470389
153 149 1 0.395225 0.438514
153 132 1 0.440309 0.155983
153 4 1 0.024923 0.621576
153 24 1 0.139543 0.456971
154 45 1 0.810881 0.233930
154 158 1 0.018674 0.189282
154 18 1 0.038809 0.426504
154 128 1 0.131636 0.723090
155 110 1 0.106370 0.389946
155 34 1 0.388193 0.055315
155 131 1 0.091230 0.490973
155 30 1 0.414207 0.454489
156 126 1 0.338078 0.860743
156 82 1 0.496267 0.758817
156 150 1 0.148744 0.848556
156 120 1 0.016911 0.025833
157 33 1 0.059186 0.033842
157 50 1 0.669875 0.621019
157 149 1 0.227908 0.869147
157 80 1 0.043031 0.920812
158 5 1 0.652154 0.042252
158 118 1 0.134571 0.560610
158 121 1 0.001249 0.637910
158 54 1 0.212026 0.698616
159 80 1 0.318594 0.431683
159 21 1 0.086118 0.685579
159 155 1 0.147700 0.862896
159 34 1 0.447588 0.657897
160 103 1 0.406129 0.904848
160 97 1 0.302060 0.915319
160 157 1 0.228176 0.641721
160 92 1 0.063634 0.549488
