40 154 16 30 28
30 14 1 1 0
28 23 1 1 0
1 5 1 0.567311 0.538102
1 15 1 0.316142 0.799431
1 8 1 0.114845 0.254129
1 39 1 0.001702 0.833944
2 10 1 0.782445 0.368065
2 37 1 0.176903 0.372925
2 11 1 0.004133 0.510055
2 38 1 0.036519 0.528196
3 21 1 0.614946 0.882529
3 9 1 0.143166 0.125783
3 4 1 0.015951 0.791055
3 6 1 0.225937 0.066451
4 3 1 0.248407 0.169792
4 17 1 0.421164 0.176867
4 11 1 0.018252 0.990209
4 5 1 0.312177 0.349159
5 36 1 0.026336 0.368772
5 13 1 0.790266 0.612607
5 10 1 0.117608 0.984581
5 6 1 0.065791 0.296099
6 31 1 0.104558 0.602962
6 11 1 0.772400 0.677466
6 32 1 0.015803 0.891786
6 23 1 0.107239 0.813523
7 38 1 0.139520 0.336407
7 25 1 0.663115 0.075893
7 4 1 0.021377 0.371168
7 15 1 0.175988 0.641838
8 18 1 0.346290 0.428167
8 32 1 0.108468 0.969692
8 6 1 0.522288 0.525025
8 27 1 0.022954 0.189987
9 18 1 0.591303 0.359726
9 16 1 0.351889 0.193658
9 15 1 0.006043 0.898189
9 38 1 0.050765 0.723088
10 14 1 0.956635 0.803749
10 18 1 0.039185 0.351069
10 3 1 0.001322 0.912280
10 4 1 0.002857 0.398197
11 12 1 0.433254 0.376694
11 33 1 0.081389 0.972533
11 20 1 0.323010 0.187767
11 37 1 0.162347 0.903443
12 16 1 0.009027 0.485450
12 24 1 0.731057 0.788938
12 25 1 0.006541 0.866132
12 15 1 0.253375 0.045496
13 18 1 0.555515 0.018450
13 5 1 0.162334 0.759509
13 25 1 0.265634 0.432069
13 38 1 0.016517 0.665741
14 27 1 0.984060 0.444955
14 13 1 0.002629 0.482657
14 16 1 0.007564 0.444431
14 1 1 0.005748 0.788980
15 16 1 0.016348 0.768560
15 19 1 0.529392 0.786193
15 36 1 0.218451 0.754239
15 24 1 0.235809 0.222227
16 34 1 0.949679 0.000000
16 15 1 0.029239 0.000000
16 29 1 0.014132 0.000000
16 37 1 0.006950 0.000000
17 13 1 0.607787 0.407502
17 3 1 0.254342 0.771745
17 15 1 0.008154 0.785120
17 4 1 0.129717 0.330720
18 34 1 0.748773 0.555677
18 27 1 0.034406 0.286428
18 36 1 0.157593 0.840868
18 14 1 0.059228 0.233938
19 37 1 0.434244 0.787898
19 34 1 0.126864 0.348872
19 18 1 0.041636 0.328709
19 10 1 0.397256 0.372329
20 8 1 0.548867 0.578238
20 32 1 0.282809 0.669008
20 17 1 0.087422 0.753060
20 13 1 0.080901 0.419466
21 7 1 0.901892 0.517926
21 15 1 0.097680 0.503483
21 8 1 0.000155 0.442009
21 29 1 0.000273 0.599471
22 12 1 0.541823 0.067167
22 10 1 0.129478 0.150769
22 36 1 0.164923 0.110122
22 9 1 0.163776 0.704544
23 22 1 0.379007 0.122387
23 19 1 0.328163 0.740488
23 39 1 0.256896 0.170784
23 17 1 0.035935 0.912979
24 20 1 0.261497 0.187294
24 35 1 0.474113 0.963247
24 26 1 0.190599 0.803844
24 22 1 0.073790 0.538029
25 7 1 0.753151 0.365157
25 5 1 0.117837 0.927388
25 31 1 0.087792 0.811319
25 15 1 0.041220 0.595881
26 25 1 0.075413 0.430543
26 36 1 0.478653 0.708367
26 16 1 0.289293 0.947939
26 20 1 0.156641 0.111340
27 1 1 0.114482 0.691214
27 32 1 0.512880 0.013121
27 19 1 0.250472 0.399723
27 10 1 0.122166 0.143174
29 39 1 0.129798 0.786216
29 17 1 0.683378 0.291952
29 6 1 0.119875 0.739869
29 36 1 0.066949 0.214968
31 39 1 0.713684 0.988988
31 14 1 0.269796 0.949826
31 19 1 0.006887 0.699780
31 27 1 0.009632 0.167868
32 31 1 0.089169 0.384999
32 18 1 0.591588 0.454502
32 10 1 0.275785 0.313110
32 19 1 0.043458 0.140919
33 2 1 0.666266 0.309334
33 6 1 0.149634 0.831875
33 32 1 0.142171 0.461525
33 16 1 0.041929 0.903962
34 27 1 0.524016 0.495503
34 21 1 0.333377 0.635613
34 35 1 0.073166 0.103776
34 32 1 0.069441 0.970932
35 6 1 0.185853 0.917680
35 15 1 0.544911 0.574751
35 32 1 0.228132 0.648147
35 27 1 0.041104 0.197767
36 11 1 0.890957 0.912684
36 29 1 0.076331 0.814496
36 17 1 0.002241 0.236485
36 3 1 0.030472 0.198400
37 14 1 0.099215 0.153235
37 16 1 0.417112 0.617463
37 5 1 0.255991 0.460483
37 21 1 0.227683 0.651897
38 3 1 0.646756 0.639114
38 34 1 0.263519 0.535541
38 13 1 0.081752 0.605961
38 9 1 0.007974 0.310812
39 32 1 0.391303 0.374624
39 31 1 0.200791 0.619406
39 11 1 0.156788 0.813665
39 26 1 0.251117 0.733859
40 12 1 0.039498 0.871155
40 27 1 0.886815 0.253419
40 2 1 0.037617 0.342240
40 39 1 0.036070 0.022526
