480 1914 478 188 160
188 327 1 1 0
160 449 1 1 0
1 418 1 0.300348 0.468860
1 373 1 0.143739 0.509790
1 70 1 0.081351 0.696232
1 11 1 0.474562 0.967436
2 119 1 0.287572 0.503700
2 189 1 0.434902 0.214363
2 227 1 0.271997 0.275230
2 375 1 0.005529 0.274782
3 100 1 0.242989 0.522854
3 302 1 0.464588 0.225154
3 116 1 0.229471 0.359862
3 12 1 0.062952 0.296750
4 301 1 0.454404 0.551124
4 351 1 0.092398 0.945570
4 364 1 0.075393 0.508584
4 378 1 0.377806 0.457477
5 334 1 0.604887 0.831183
5 458 1 0.201915 0.532269
5 371 1 0.043817 0.813334
5 294 1 0.149381 0.021200
6 213 1 0.758408 0.806837
6 7 1 0.178577 0.654144
6 376 1 0.018069 0.661886
6 350 1 0.044946 0.298731
7 427 1 0.692925 0.902078
7 302 1 0.070581 0.188405
7 350 1 0.023035 0.192932
7 199 1 0.213459 0.313234
8 261 1 0.067641 0.393604
8 5 1 0.569398 0.243762
8 169 1 0.291886 0.687301
8 7 1 0.071075 0.273721
9 185 1 0.031403 0.343475
9 46 1 0.733956 0.744628
9 17 1 0.186751 0.397874
9 304 1 0.047890 0.663024
10 42 1 0.028405 0.490359
10 243 1 0.567752 0.269369
10 7 1 0.047485 0.030330
10 141 1 0.356358 0.984764
11 352 1 0.732922 0.528832
11 122 1 0.019075 0.559002
11 439 1 0.194712 0.104601
11 461 1 0.053291 0.924601
12 281 1 0.411058 0.439134
12 323 1 0.348643 0.856521
12 167 1 0.006005 0.768820
12 135 1 0.234294 0.552338
13 110 1 0.669559 0.538799
13 58 1 0.011266 0.724770
13 237 1 0.248542 0.902509
13 322 1 0.070633 0.325374
14 65 1 0.633948 0.028115
14 133 1 0.316978 0.677610
14 479 1 0.039751 0.259672
14 299 1 0.009322 0.846551
15 434 1 0.444456 0.527087
15 157 1 0.152127 0.579455
15 18 1 0.038344 0.345942
15 215 1 0.365073 0.906204
16 162 1 0.282678 0.907381
16 186 1 0.342627 0.381778
16 30 1 0.322306 0.682294
16 154 1 0.052390 0.280744
17 39 1 0.424686 0.423428
17 46 1 0.192221 0.885664
17 265 1 0.035110 0.623964
17 80 1 0.347983 0.841241
18 97 1 0.497811 0.394375
18 80 1 0.259225 0.009975
18 28 1 0.069281 0.169649
18 448 1 0.173683 0.286849
19 201 1 0.856254 0.181707
19 467 1 0.092972 0.361490
19 237 1 0.027636 0.931002
19 289 1 0.023137 0.132675
20 118 1 0.602844 0.322051
20 404 1 0.031972 0.436654
20 232 1 0.255111 0.149365
20 35 1 0.110073 0.002365
21 461 1 0.177860 0.399688
21 468 1 0.425944 0.674115
21 356 1 0.017595 0.380275
21 333 1 0.378601 0.325095
22 408 1 0.346321 0.399281
22 356 1 0.632941 0.069824
22 152 1 0.001299 0.359190
22 362 1 0.019439 0.747267
23 33 1 0.008985 0.132208
23 170 1 0.943689 0.615663
23 384 1 0.009944 0.318061
23 2 1 0.037382 0.272702
24 163 1 0.307369 0.180375
24 413 1 0.323801 0.104099
24 443 1 0.020923 0.082613
24 202 1 0.347907 0.482888
25 267 1 0.134653 0.220101
25 228 1 0.431738 0.060559
25 89 1 0.126233 0.180462
25 171 1 0.307376 0.004512
26 307 1 0.312992 0.526224
26 117 1 0.066513 0.163624
26 426 1 0.181504 0.244183
26 316 1 0.438991 0.837874
27 391 1 0.590752 0.641191
27 184 1 0.369969 0.880811
27 412 1 0.003522 0.886841
27 316 1 0.035757 0.009032
28 108 1 0.536225 0.335816
28 451 1 0.203658 0.839023
28 351 1 0.195464 0.733691
28 376 1 0.064653 0.446614
29 247 1 0.882118 0.632086
29 35 1 0.057655 0.338137
29 230 1 0.032927 0.152278
29 175 1 0.027300 0.393859
30 198 1 0.014064 0.866774
30 381 1 0.862949 0.869435
30 344 1 0.084199 0.138467
30 39 1 0.038789 0.656510
31 358 1 0.224040 0.348240
31 249 1 0.031840 0.760216
31 40 1 0.432228 0.566783
31 42 1 0.311891 0.184058
32 469 1 0.699950 0.334536
32 290 1 0.236555 0.602346
32 51 1 0.017947 0.975339
32 64 1 0.045547 0.777046
33 326 1 0.347380 0.816462
33 426 1 0.037205 0.361556
33 234 1 0.007712 0.386520
33 440 1 0.607703 0.148120
34 350 1 0.895256 0.976053
34 181 1 0.083613 0.926947
34 84 1 0.001026 0.617004
34 261 1 0.020105 0.376651
35 172 1 0.603815 0.499246
35 17 1 0.198836 0.167277
35 385 1 0.157304 0.850058
35 279 1 0.040046 0.494942
36 275 1 0.264160 0.327347
36 256 1 0.708710 0.582405
36 462 1 0.011407 0.863298
36 43 1 0.015723 0.681789
37 290 1 0.271277 0.112831
37 212 1 0.092605 0.781223
37 217 1 0.153268 0.743456
37 9 1 0.482850 0.701993
38 401 1 0.413213 0.695997
38 82 1 0.339138 0.901806
38 334 1 0.141486 0.407006
38 87 1 0.106164 0.873333
39 138 1 0.593093 0.874161
39 181 1 0.049128 0.146238
39 415 1 0.140012 0.590982
39 414 1 0.217767 0.847018
40 471 1 0.831276 0.714464
40 465 1 0.032796 0.833677
40 478 1 0.025461 0.679222
40 317 1 0.110467 0.460413
41 220 1 0.322380 0.091812
41 40 1 0.507016 0.429217
41 277 1 0.010331 0.389405
41 90 1 0.160272 0.737446
42 220 1 0.314439 0.219890
42 169 1 0.299305 0.319104
42 351 1 0.168225 0.475128
42 199 1 0.218032 0.710233
43 185 1 0.256330 0.054590
43 64 1 0.115863 0.808222
43 285 1 0.581474 0.004871
43 459 1 0.046333 0.621271
44 319 1 0.766524 0.631643
44 268 1 0.134582 0.181241
44 309 1 0.043342 0.216478
44 416 1 0.055552 0.142332
45 479 1 0.285202 0.375351
45 47 1 0.039038 0.296841
45 232 1 0.475953 0.329573
45 208 1 0.199807 0.609999
46 415 1 0.166793 0.114281
46 86 1 0.121111 0.255274
46 295 1 0.015941 0.173798
46 360 1 0.696155 0.931886
47 267 1 0.840678 0.592199
47 230 1 0.012792 0.639588
47 294 1 0.003713 0.631030
47 258 1 0.142817 0.075526
48 24 1 0.647213 0.356613
48 292 1 0.006330 0.411372
48 382 1 0.290531 0.913716
48 243 1 0.055926 0.870603
49 140 1 0.894975 0.160863
49 466 1 0.008331 0.552122
49 332 1 0.091240 0.894840
49 359 1 0.005454 0.045168
50 155 1 0.197015 0.341442
50 11 1 0.458438 0.144171
50 79 1 0.337937 0.844101
50 147 1 0.006611 0.088188
51 74 1 0.676204 0.753321
51 363 1 0.285704 0.259396
51 414 1 0.003449 0.344406
51 200 1 0.034643 0.624357
52 438 1 0.681466 0.476442
52 243 1 0.207327 0.925047
52 137 1 0.009038 0.094477
52 246 1 0.102169 0.098310
53 97 1 0.543379 0.762525
53 176 1 0.177804 0.296636
53 453 1 0.268174 0.129948
53 319 1 0.010643 0.379451
54 262 1 0.752673 0.967593
54 76 1 0.221734 0.056469
54 199 1 0.015915 0.651384
54 336 1 0.009678 0.249627
55 114 1 0.304947 0.923787
55 14 1 0.205285 0.628002
55 401 1 0.475324 0.906216
55 137 1 0.014443 0.566843
56 113 1 0.884548 0.646893
56 303 1 0.038257 0.779295
56 187 1 0.048121 0.643142
56 252 1 0.029074 0.390731
57 97 1 0.095166 0.781364
57 326 1 0.442250 0.392138
57 419 1 0.230328 0.867436
57 60 1 0.232257 0.418486
58 337 1 0.666309 0.129043
58 305 1 0.323123 0.196953
58 14 1 0.008823 0.079732
58 218 1 0.001745 0.916137
59 475 1 0.056576 0.777459
59 235 1 0.037244 0.782321
59 226 1 0.203282 0.880543
59 434 1 0.702897 0.948102
60 478 1 0.891902 0.991924
60 170 1 0.052797 0.801086
60 200 1 0.046438 0.388822
60 382 1 0.008863 0.599556
61 345 1 0.617910 0.674964
61 460 1 0.058173 0.514744
61 222 1 0.322915 0.414545
61 414 1 0.001002 0.233875
62 57 1 0.513058 0.003960
62 228 1 0.128300 0.471036
62 270 1 0.013672 0.383039
62 170 1 0.344970 0.225874
63 241 1 0.209295 0.036514
63 191 1 0.417970 0.131746
63 114 1 0.266983 0.326351
63 162 1 0.105752 0.232565
64 301 1 0.315945 0.547098
64 300 1 0.321492 0.976257
64 413 1 0.046807 0.646109
64 206 1 0.315756 0.817140
65 146 1 0.954328 0.001011
65 265 1 0.035105 0.951046
65 290 1 0.010265 0.539629
65 464 1 0.000302 0.818262
66 86 1 0.858241 0.270648
66 316 1 0.060917 0.334272
66 268 1 0.034611 0.420990
66 321 1 0.046231 0.945610
67 62 1 0.413668 0.855517
67 222 1 0.432554 0.909668
67 127 1 0.146717 0.765537
67 39 1 0.007061 0.010267
68 229 1 0.077715 0.949838
68 29 1 0.195955 0.955775
68 383 1 0.120405 0.934266
68 209 1 0.605925 0.716957
69 58 1 0.230060 0.642891
69 318 1 0.455289 0.253510
69 73 1 0.200634 0.540932
69 286 1 0.114018 0.604129
70 395 1 0.936225 0.974850
70 242 1 0.027280 0.287762
70 334 1 0.020408 0.040539
70 107 1 0.016087 0.704431
71 163 1 0.862687 0.949208
71 16 1 0.052800 0.227717
71 215 1 0.079224 0.118757
71 462 1 0.005290 0.841583
72 429 1 0.880527 0.706324
72 420 1 0.022639 0.594705
72 416 1 0.033752 0.052017
72 396 1 0.063082 0.772812
73 13 1 0.716784 0.099149
73 34 1 0.026726 0.130998
73 381 1 0.254294 0.572654
73 99 1 0.002197 0.457148
74 349 1 0.356007 0.940675
74 169 1 0.251454 0.820512
74 227 1 0.050851 0.192516
74 218 1 0.341688 0.941190
75 198 1 0.357059 0.873005
75 353 1 0.318622 0.187697
75 256 1 0.172346 0.333225
75 426 1 0.151974 0.818963
76 381 1 0.132923 0.867053
76 447 1 0.550652 0.365619
76 442 1 0.084306 0.000110
76 247 1 0.232120 0.472046
77 93 1 0.739065 0.863508
77 36 1 0.062045 0.356569
77 53 1 0.196228 0.617091
77 8 1 0.002662 0.094104
78 85 1 0.989117 0.867361
78 386 1 0.010326 0.229179
78 401 1 0.000275 0.242435
78 56 1 0.000283 0.397623
79 402 1 0.661220 0.144148
79 137 1 0.158401 0.586410
79 325 1 0.007570 0.427650
79 159 1 0.172809 0.100034
80 364 1 0.466670 0.194408
80 261 1 0.136551 0.875917
80 75 1 0.056456 0.318205
80 185 1 0.340323 0.593216
81 103 1 0.224719 0.959700
81 263 1 0.424278 0.896058
81 91 1 0.249941 0.467529
81 259 1 0.101063 0.974523
82 239 1 0.941195 0.747248
82 317 1 0.031657 0.373347
82 477 1 0.013123 0.281129
82 436 1 0.014026 0.687336
83 190 1 0.761052 0.338877
83 61 1 0.003461 0.553551
83 378 1 0.083610 0.951173
83 315 1 0.151876 0.606451
84 440 1 0.719593 0.235922
84 145 1 0.072481 0.339615
84 407 1 0.083707 0.797523
84 283 1 0.124219 0.363894
85 5 1 0.185517 0.686796
85 223 1 0.349274 0.346556
85 175 1 0.124249 0.878310
85 391 1 0.340960 0.309340
86 144 1 0.730490 0.831839
86 230 1 0.186990 0.305588
86 121 1 0.051025 0.121025
86 88 1 0.031494 0.733694
87 76 1 0.410051 0.210275
87 279 1 0.303036 0.328658
87 452 1 0.024348 0.849903
87 144 1 0.262564 0.717028
88 161 1 0.616423 0.845824
88 157 1 0.358467 0.728137
88 246 1 0.007361 0.486248
88 232 1 0.017749 0.341528
89 247 1 0.144169 0.798562
89 26 1 0.126297 0.992585
89 470 1 0.030951 0.395677
89 371 1 0.698584 0.351012
90 310 1 0.827415 0.898599
90 235 1 0.121737 0.047465
90 81 1 0.000570 0.940597
90 178 1 0.050278 0.770476
91 232 1 0.562216 0.546569
91 266 1 0.089980 0.293229
91 14 1 0.234045 0.445332
91 192 1 0.113759 0.891868
92 411 1 0.081673 0.650039
92 228 1 0.124334 0.704509
92 474 1 0.113741 0.075894
92 223 1 0.680252 0.757567
93 450 1 0.488391 0.993887
93 457 1 0.485578 0.859822
93 134 1 0.007306 0.296599
93 115 1 0.018725 0.709435
94 207 1 0.611575 0.227026
94 62 1 0.017632 0.169115
94 202 1 0.256461 0.244788
94 282 1 0.114332 0.649093
95 148 1 0.171093 0.068430
95 461 1 0.201270 0.084076
95 426 1 0.064026 0.567753
95 309 1 0.563611 0.341642
96 425 1 0.288306 0.617139
96 479 1 0.268409 0.328605
96 61 1 0.016065 0.613680
96 312 1 0.427220 0.968910
97 338 1 0.320000 0.764333
97 370 1 0.364829 0.622108
97 142 1 0.030833 0.562042
97 93 1 0.284338 0.619906
98 258 1 0.755622 0.564976
98 128 1 0.012138 0.157438
98 133 1 0.071483 0.504543
98 45 1 0.160757 0.830616
99 141 1 0.454609 0.774793
99 324 1 0.281973 0.690671
99 263 1 0.161208 0.961932
99 176 1 0.102210 0.274219
100 127 1 0.354715 0.883564
100 6 1 0.209968 0.134694
100 147 1 0.268735 0.176771
100 104 1 0.166582 0.258517
101 427 1 0.429453 0.538965
101 69 1 0.448889 0.118121
101 310 1 0.007737 0.133275
101 9 1 0.113921 0.011440
102 78 1 0.937339 0.961387
102 400 1 0.062454 0.772873
102 157 1 0.000031 0.299815
102 60 1 0.000176 0.962330
103 154 1 0.821987 0.429430
103 273 1 0.062875 0.949404
103 5 1 0.029384 0.148658
103 440 1 0.085753 0.616104
104 141 1 0.776673 0.801946
104 5 1 0.178249 0.211178
104 273 1 0.040355 0.724179
104 478 1 0.004724 0.645980
105 182 1 0.504618 0.554356
105 414 1 0.202896 0.765929
105 379 1 0.228376 0.768848
105 440 1 0.064110 0.325236
106 62 1 0.965606 0.799565
106 32 1 0.018251 0.120812
106 5 1 0.000119 0.713053
106 10 1 0.016024 0.934087
107 163 1 0.916733 0.877738
107 75 1 0.032807 0.386510
107 186 1 0.015254 0.667327
107 289 1 0.035205 0.903948
108 80 1 0.694789 0.693492
108 140 1 0.257688 0.242073
108 200 1 0.025008 0.646472
108 314 1 0.022515 0.153518
109 208 1 0.208747 0.083559
109 318 1 0.693983 0.952496
109 323 1 0.005863 0.436367
109 285 1 0.091407 0.907782
110 238 1 0.799277 0.949986
110 287 1 0.000541 0.061922
110 152 1 0.158062 0.966489
110 199 1 0.042120 0.183303
111 80 1 0.174716 0.774001
111 444 1 0.140391 0.904467
111 159 1 0.522738 0.835028
111 220 1 0.162154 0.350245
112 256 1 0.599138 0.422609
112 431 1 0.078753 0.210978
112 26 1 0.296270 0.881658
112 437 1 0.025838 0.245951
113 174 1 0.394109 0.574949
113 404 1 0.493623 0.081323
113 397 1 0.052125 0.645314
113 43 1 0.060142 0.056572
114 435 1 0.870230 0.563766
114 209 1 0.044791 0.161952
114 53 1 0.076165 0.167409
114 119 1 0.008813 0.028058
115 283 1 0.289275 0.162753
115 46 1 0.414196 0.578571
115 215 1 0.111749 0.652182
115 171 1 0.184780 0.139870
116 472 1 0.272913 0.408274
116 415 1 0.135949 0.108454
116 5 1 0.107340 0.483652
116 200 1 0.483797 0.293982
117 253 1 0.791116 0.864482
117 135 1 0.052297 0.879069
117 292 1 0.075571 0.117951
117 298 1 0.081016 0.834057
118 421 1 0.875327 0.199283
118 444 1 0.001330 0.901774
118 17 1 0.118620 0.563136
118 308 1 0.004723 0.951109
119 216 1 0.057400 0.493291
119 462 1 0.295228 0.325629
119 48 1 0.480852 0.673791
119 471 1 0.166520 0.319352
120 414 1 0.385520 0.922038
120 74 1 0.347537 0.878486
120 428 1 0.230714 0.545343
120 395 1 0.036229 0.213692
121 285 1 0.627326 0.608014
121 154 1 0.226037 0.948337
121 437 1 0.023815 0.705063
121 241 1 0.122821 0.672330
122 362 1 0.243271 0.543578
122 297 1 0.299149 0.082513
122 167 1 0.200144 0.677782
122 453 1 0.257436 0.937024
123 342 1 0.907229 0.422810
123 381 1 0.043433 0.774538
123 431 1 0.048551 0.708031
123 334 1 0.000787 0.267146
124 243 1 0.645571 0.248176
124 341 1 0.137580 0.792008
124 376 1 0.166167 0.616162
124 378 1 0.050681 0.601450
125 154 1 0.219383 0.283541
125 2 1 0.219378 0.524359
125 127 1 0.389113 0.832774
125 405 1 0.172127 0.308373
126 18 1 0.654297 0.283314
126 435 1 0.064373 0.678318
126 141 1 0.262245 0.248009
126 1 1 0.019086 0.360440
127 290 1 0.831826 0.671229
127 132 1 0.107049 0.268065
127 222 1 0.010826 0.779941
127 363 1 0.050300 0.274787
128 367 1 0.859795 0.077225
128 137 1 0.010938 0.890569
128 169 1 0.036793 0.812513
128 41 1 0.092474 0.776886
129 94 1 0.307877 0.317105
129 217 1 0.117573 0.151898
129 211 1 0.527738 0.668426
129 391 1 0.046813 0.796345
130 383 1 0.718883 0.740329
130 471 1 0.035866 0.631216
130 61 1 0.188279 0.028051
130 92 1 0.056973 0.182981
131 422 1 0.217445 0.804373
131 203 1 0.412253 0.655606
131 216 1 0.179982 0.702347
131 185 1 0.190320 0.916706
132 351 1 0.464516 0.598506
132 399 1 0.372437 0.463256
132 370 1 0.004886 0.762287
132 312 1 0.158160 0.180601
133 401 1 0.845191 0.889982
133 18 1 0.000310 0.345268
133 237 1 0.053000 0.442393
133 226 1 0.101499 0.337497
134 260 1 0.937716 0.525702
134 185 1 0.041021 0.268317
134 34 1 0.017209 0.559154
134 70 1 0.004053 0.792159
135 124 1 0.590339 0.049282
135 63 1 0.167315 0.079034
135 241 1 0.125456 0.189529
135 299 1 0.116890 0.036453
136 199 1 0.015201 0.872554
136 217 1 0.664754 0.119849
136 339 1 0.293230 0.962834
136 101 1 0.026814 0.132621
137 241 1 0.414919 0.504852
137 357 1 0.524442 0.378153
137 299 1 0.001209 0.971527
137 431 1 0.059430 0.744300
138 348 1 0.017322 0.519593
138 167 1 0.957406 0.457976
138 43 1 0.017665 0.841536
138 98 1 0.007608 0.418840
139 177 1 0.484572 0.946412
139 66 1 0.199144 0.508812
139 91 1 0.235350 0.060214
139 49 1 0.080934 0.979853
140 273 1 0.312650 0.194510
140 460 1 0.299213 0.543306
140 360 1 0.258903 0.448805
140 194 1 0.129234 0.280868
141 285 1 0.365540 0.415548
141 405 1 0.585569 0.504682
141 227 1 0.000445 0.178463
141 65 1 0.048446 0.721071
142 397 1 0.734435 0.110108
142 69 1 0.259523 0.757518
142 422 1 0.001989 0.248650
142 42 1 0.004053 0.122575
143 131 1 0.818820 0.732583
143 470 1 0.020497 0.016227
143 340 1 0.071048 0.999096
143 330 1 0.089635 0.201978
144 207 1 0.014021 0.159622
144 7 1 0.091477 0.283676
144 238 1 0.177653 0.690635
144 447 1 0.716849 0.811810
145 364 1 0.766774 0.945067
145 57 1 0.204851 0.158479
145 398 1 0.016905 0.113602
145 40 1 0.011470 0.569907
146 31 1 0.128122 0.795516
146 248 1 0.568488 0.493480
146 425 1 0.186622 0.578843
146 208 1 0.116767 0.066010
147 314 1 0.251252 0.929634
147 36 1 0.202000 0.607075
147 256 1 0.464467 0.704635
147 107 1 0.082281 0.270356
148 303 1 0.258530 0.457879
148 423 1 0.189157 0.736847
148 108 1 0.535315 0.770129
148 109 1 0.016998 0.914870
149 348 1 0.197657 0.781204
149 142 1 0.492406 0.183655
149 460 1 0.246226 0.364447
149 266 1 0.063711 0.119229
150 210 1 0.457812 0.074086
150 115 1 0.485317 0.294069
150 341 1 0.042259 0.045576
150 200 1 0.014612 0.588524
151 262 1 0.955513 0.111248
151 478 1 0.010888 0.826672
151 214 1 0.028390 0.619745
151 268 1 0.005209 0.306087
152 236 1 0.376576 0.520048
152 468 1 0.449568 0.899226
152 439 1 0.103429 0.284654
152 100 1 0.070427 0.093605
153 194 1 0.162397 0.042067
153 287 1 0.073442 0.931633
153 417 1 0.581112 0.960159
153 442 1 0.183049 0.947501
154 232 1 0.291473 0.492095
154 145 1 0.061406 0.611247
154 84 1 0.291310 0.137260
154 75 1 0.355811 0.639224
155 208 1 0.542078 0.043978
155 477 1 0.070376 0.471098
155 377 1 0.364959 0.551976
155 439 1 0.022587 0.555942
156 392 1 0.524809 0.493464
156 293 1 0.388322 0.211929
156 307 1 0.046376 0.901577
156 54 1 0.040492 0.777215
157 274 1 0.670789 0.021942
157 380 1 0.030326 0.222170
157 264 1 0.286636 0.585437
157 291 1 0.012249 0.526399
158 302 1 0.964527 0.665274
158 412 1 0.007233 0.404626
158 12 1 0.000058 0.845125
158 84 1 0.028181 0.217622
159 410 1 0.055769 0.531087
159 33 1 0.042901 0.548737
159 453 1 0.799851 0.590954
159 22 1 0.101479 0.749755
161 119 1 0.292420 0.947948
161 360 1 0.115313 0.762474
161 215 1 0.250409 0.709516
161 213 1 0.341858 0.291471
162 297 1 0.003481 0.781379
162 464 1 0.293392 0.330268
162 444 1 0.147054 0.152267
162 250 1 0.556074 0.515629
163 68 1 0.119854 0.649619
163 39 1 0.437255 0.582464
163 265 1 0.199512 0.638081
163 352 1 0.243378 0.042194
164 224 1 0.477111 0.889275
164 264 1 0.142430 0.288980
164 37 1 0.341845 0.248805
164 339 1 0.038614 0.974571
165 126 1 0.060605 0.781258
165 310 1 0.791052 0.780710
165 47 1 0.061695 0.792238
165 197 1 0.086649 0.951278
166 409 1 0.558474 0.125627
166 349 1 0.305290 0.670125
166 129 1 0.130002 0.683613
166 420 1 0.006235 0.185805
167 240 1 0.552832 0.925177
167 346 1 0.447087 0.091840
167 260 1 0.000049 0.485644
167 399 1 0.000032 0.630005
168 127 1 0.115656 0.131263
168 281 1 0.219252 0.991895
168 326 1 0.388466 0.914488
168 294 1 0.276626 0.844773
169 17 1 0.372654 0.003178
169 59 1 0.571782 0.315348
169 398 1 0.027194 0.228397
169 288 1 0.028370 0.199419
170 311 1 0.551943 0.097092
170 168 1 0.159020 0.715349
170 356 1 0.240105 0.130906
170 157 1 0.048932 0.435044
171 433 1 0.774795 0.726044
171 36 1 0.052102 0.762562
171 380 1 0.097908 0.969912
171 464 1 0.075195 0.751747
172 300 1 0.367287 0.355533
172 417 1 0.376988 0.557002
172 323 1 0.225878 0.643648
172 425 1 0.029847 0.014198
173 55 1 0.460656 0.986619
173 370 1 0.347513 0.371862
173 429 1 0.162363 0.910317
173 463 1 0.029468 0.600466
174 239 1 0.458584 0.085667
174 78 1 0.086370 0.265120
174 211 1 0.230534 0.882973
174 478 1 0.224513 0.936737
175 231 1 0.817047 0.249119
175 471 1 0.089365 0.808073
175 206 1 0.056434 0.431359
175 357 1 0.037154 0.901723
176 80 1 0.011042 0.594208
176 52 1 0.314823 0.205880
176 458 1 0.055940 0.331133
176 383 1 0.618195 0.723112
177 397 1 0.626029 0.197637
177 376 1 0.241477 0.827266
177 192 1 0.028512 0.808308
177 228 1 0.103982 0.334252
178 352 1 0.099160 0.968153
178 68 1 0.428631 0.515362
178 385 1 0.342838 0.271804
178 113 1 0.129371 0.103622
179 103 1 0.340710 0.555070
179 93 1 0.026468 0.889150
179 97 1 0.289340 0.886496
179 210 1 0.343482 0.638786
180 317 1 0.265027 0.572396
180 420 1 0.235262 0.158120
180 442 1 0.397370 0.699210
180 372 1 0.102341 0.368520
181 310 1 0.491361 0.790964
181 391 1 0.269337 0.990735
181 163 1 0.084848 0.707026
181 356 1 0.154454 0.457579
182 276 1 0.253070 0.059884
182 162 1 0.298061 0.023447
182 27 1 0.222919 0.740205
182 460 1 0.225950 0.479658
183 367 1 0.305509 0.326688
183 191 1 0.496281 0.934345
183 60 1 0.124914 0.006160
183 226 1 0.073295 0.592077
184 169 1 0.742410 0.933070
184 443 1 0.128199 0.909208
184 144 1 0.067436 0.570642
184 66 1 0.061955 0.327786
185 155 1 0.696676 0.949529
185 179 1 0.260550 0.864959
185 417 1 0.005501 0.049631
185 30 1 0.037273 0.040293
186 371 1 0.872932 0.404247
186 50 1 0.073622 0.706411
186 419 1 0.001806 0.042603
186 464 1 0.051640 0.143535
187 433 1 0.084887 0.019863
187 150 1 0.110876 0.247007
187 301 1 0.624200 0.847321
187 373 1 0.180037 0.033383
189 399 1 0.861734 0.313828
189 1 1 0.089223 0.419721
189 11 1 0.017570 0.317237
189 311 1 0.031473 0.098287
190 451 1 0.443724 0.812521
190 174 1 0.008418 0.262479
190 394 1 0.147843 0.306074
190 153 1 0.400015 0.240680
191 336 1 0.612952 0.378309
191 421 1 0.158394 0.675995
191 133 1 0.173015 0.883343
191 31 1 0.055639 0.472930
192 132 1 0.564376 0.236344
192 65 1 0.292011 0.988019
192 109 1 0.007714 0.131952
192 442 1 0.135899 0.833023
193 16 1 0.385179 0.608801
193 461 1 0.467130 0.046641
193 117 1 0.102559 0.208407
193 194 1 0.045131 0.112036
194 398 1 0.746650 0.717539
194 146 1 0.221930 0.490611
194 86 1 0.020263 0.190617
194 255 1 0.011157 0.795952
195 373 1 0.392700 0.120972
195 357 1 0.537910 0.758512
195 208 1 0.063428 0.793479
195 43 1 0.005962 0.461050
196 465 1 0.312129 0.277896
196 389 1 0.532633 0.158986
196 249 1 0.073868 0.200829
196 466 1 0.081370 0.153209
197 399 1 0.058420 0.273285
197 367 1 0.776505 0.299214
197 437 1 0.067078 0.743048
197 94 1 0.097997 0.676053
198 282 1 0.447010 0.696987
198 397 1 0.408892 0.950137
198 237 1 0.097107 0.144029
198 223 1 0.046991 0.808931
199 337 1 0.030648 0.462552
199 75 1 0.473866 0.799758
199 162 1 0.260992 0.688926
199 49 1 0.234494 0.936495
200 139 1 0.482870 0.101702
200 78 1 0.311014 0.343751
200 12 1 0.135026 0.731487
200 154 1 0.071091 0.092152
201 59 1 0.966537 0.173625
201 415 1 0.017291 0.308730
201 156 1 0.014923 0.747001
201 456 1 0.001249 0.934566
202 369 1 0.982484 0.402607
202 241 1 0.015702 0.481921
202 39 1 0.000048 0.460701
202 262 1 0.001767 0.211220
203 118 1 0.176484 0.178213
203 247 1 0.697885 0.339795
203 112 1 0.011002 0.633071
203 103 1 0.114630 0.133125
204 156 1 0.155680 0.971074
204 360 1 0.711737 0.275644
204 376 1 0.067501 0.695239
204 362 1 0.065082 0.556858
205 248 1 0.669261 0.164746
205 141 1 0.222988 0.820262
205 263 1 0.005817 0.396425
205 50 1 0.101934 0.734577
206 345 1 0.829704 0.765950
206 307 1 0.137347 0.351620
206 80 1 0.021960 0.134865
206 202 1 0.010989 0.388209
207 382 1 0.663383 0.718055
207 49 1 0.254810 0.212142
207 251 1 0.060228 0.629062
207 328 1 0.021579 0.736462
208 127 1 0.596951 0.656755
208 70 1 0.173063 0.265613
208 290 1 0.095857 0.314698
208 185 1 0.134129 0.313366
209 5 1 0.083007 0.062536
209 445 1 0.078546 0.060419
209 449 1 0.822937 0.812900
209 181 1 0.015510 0.884222
210 14 1 0.071844 0.342324
210 8 1 0.896954 0.486623
210 442 1 0.014547 0.519553
210 418 1 0.016656 0.953829
211 62 1 0.905716 0.713606
211 74 1 0.068921 0.277992
211 328 1 0.014579 0.663057
211 25 1 0.010784 0.508469
212 434 1 0.754423 0.064238
212 33 1 0.088462 0.290365
212 387 1 0.155336 0.930476
212 10 1 0.001780 0.000447
213 173 1 0.941871 0.935595
213 170 1 0.001488 0.788430
213 59 1 0.006853 0.328040
213 39 1 0.049788 0.381379
214 477 1 0.308162 0.947664
214 425 1 0.657976 0.126499
214 48 1 0.008958 0.815617
214 187 1 0.024904 0.755776
215 473 1 0.322019 0.953739
215 298 1 0.571205 0.322283
215 322 1 0.055943 0.692700
215 120 1 0.050833 0.027723
216 175 1 0.533488 0.613999
216 132 1 0.067142 0.642752
216 305 1 0.185132 0.564314
216 467 1 0.214238 0.189864
217 384 1 0.955726 0.966290
217 274 1 0.005699 0.724515
217 168 1 0.010835 0.794762
217 397 1 0.027740 0.363431
218 89 1 0.285737 0.255425
218 131 1 0.260257 0.422584
218 143 1 0.247993 0.522607
218 151 1 0.206012 0.987950
219 12 1 0.829987 0.806607
219 471 1 0.164693 0.589393
219 175 1 0.005200 0.044101
219 445 1 0.000120 0.084463
220 24 1 0.593604 0.498190
220 82 1 0.181824 0.646933
220 454 1 0.094622 0.871920
220 4 1 0.129950 0.085184
221 60 1 0.649513 0.290972
221 320 1 0.184766 0.822030
221 329 1 0.019370 0.503191
221 344 1 0.146351 0.268108
222 265 1 0.890691 0.643314
222 377 1 0.007892 0.792970
222 338 1 0.037776 0.561423
222 259 1 0.063641 0.824488
223 3 1 0.283559 0.209402
223 180 1 0.530811 0.063896
223 186 1 0.019791 0.679458
223 465 1 0.165839 0.283183
224 312 1 0.080230 0.943675
224 11 1 0.133602 0.936481
224 452 1 0.036088 0.040741
224 24 1 0.750081 0.864182
225 92 1 0.672193 0.875142
225 427 1 0.105859 0.470646
225 229 1 0.164897 0.083165
225 181 1 0.057051 0.000306
226 365 1 0.863293 0.304994
226 371 1 0.069623 0.365803
226 139 1 0.020998 0.932313
226 377 1 0.046086 0.481349
227 170 1 0.735796 0.216359
227 313 1 0.236781 0.331808
227 342 1 0.018490 0.338029
227 1 1 0.008933 0.072952
228 203 1 0.394654 0.024876
228 125 1 0.420942 0.734151
228 5 1 0.033779 0.618749
228 70 1 0.150625 0.869511
229 252 1 0.660485 0.276600
229 141 1 0.302928 0.246214
229 413 1 0.004972 0.885328
229 38 1 0.031615 0.862979
230 325 1 0.638631 0.575713
230 271 1 0.341324 0.457578
230 104 1 0.005097 0.033486
230 328 1 0.014948 0.067312
231 450 1 0.345058 0.947096
231 289 1 0.316879 0.430742
231 121 1 0.216663 0.735863
231 90 1 0.121399 0.914716
232 108 1 0.793035 0.195658
232 93 1 0.038013 0.126292
232 114 1 0.075872 0.306034
232 7 1 0.093080 0.515069
233 327 1 0.524262 0.572116
233 342 1 0.251667 0.627638
233 474 1 0.014682 0.511879
233 213 1 0.209389 0.847829
234 41 1 0.915098 0.163147
234 133 1 0.011638 0.052283
234 110 1 0.072259 0.343412
234 211 1 0.001005 0.554710
235 254 1 0.569833 0.701054
235 259 1 0.253607 0.803023
235 211 1 0.148797 0.961514
235 456 1 0.027762 0.782542
236 191 1 0.555735 0.810224
236 23 1 0.138683 0.087330
236 46 1 0.085948 0.134503
236 443 1 0.219635 0.807048
237 451 1 0.274125 0.876109
237 266 1 0.179224 0.593730
237 288 1 0.499954 0.006931
237 296 1 0.046697 0.316633
238 344 1 0.958323 0.768969
238 391 1 0.004766 0.941440
238 431 1 0.009742 0.017306
238 314 1 0.027168 0.079915
239 8 1 0.071085 0.276383
239 72 1 0.077044 0.837347
239 212 1 0.257084 0.717121
239 402 1 0.594787 0.001357
240 451 1 0.025913 0.108514
240 133 1 0.665293 0.579566
240 409 1 0.093209 0.916366
240 299 1 0.215586 0.598835
241 282 1 0.377410 0.923090
241 403 1 0.252352 0.572792
241 32 1 0.009793 0.233784
241 322 1 0.360445 0.053867
242 344 1 0.232832 0.045030
242 141 1 0.240018 0.987915
242 340 1 0.310770 0.629183
242 118 1 0.216379 0.933385
243 207 1 0.456028 0.133129
243 359 1 0.237256 0.381093
243 94 1 0.136726 0.266301
243 398 1 0.169989 0.683244
244 381 1 0.388386 0.617171
244 426 1 0.015329 0.614591
244 361 1 0.387146 0.694910
244 20 1 0.209139 0.993752
245 169 1 0.664858 0.310477
245 456 1 0.289877 0.840842
245 363 1 0.021486 0.707766
245 367 1 0.023779 0.996983
246 215 1 0.236676 0.591261
246 197 1 0.708051 0.003429
246 182 1 0.045187 0.620499
246 287 1 0.010086 0.628810
247 216 1 0.714292 0.544935
247 105 1 0.072027 0.129557
247 258 1 0.174862 0.350566
247 348 1 0.038818 0.178917
248 321 1 0.194577 0.275104
248 364 1 0.164374 0.860999
248 150 1 0.495153 0.138215
248 52 1 0.145897 0.852931
249 395 1 0.243405 0.059877
249 280 1 0.733440 0.498892
249 343 1 0.000717 0.449499
249 140 1 0.022437 0.924477
250 33 1 0.772587 0.548963
250 71 1 0.059635 0.604663
250 19 1 0.032514 0.034174
250 413 1 0.135264 0.593017
251 276 1 0.512892 0.736431
251 208 1 0.011334 0.009204
251 167 1 0.315871 0.856579
251 157 1 0.159904 0.601834
252 367 1 0.186969 0.666242
252 186 1 0.467045 0.032009
252 133 1 0.228863 0.071218
252 151 1 0.117123 0.336899
253 69 1 0.533395 0.556445
253 307 1 0.180583 0.185292
253 366 1 0.193357 0.947374
253 74 1 0.092666 0.773891
254 296 1 0.631893 0.324786
254 460 1 0.034552 0.142221
254 289 1 0.022974 0.502837
254 400 1 0.310581 0.042274
255 238 1 0.096495 0.102571
255 445 1 0.734708 0.013963
255 49 1 0.124018 0.612327
255 410 1 0.044779 0.370153
256 402 1 0.815455 0.809468
256 101 1 0.100888 0.151756
256 325 1 0.028964 0.071724
256 202 1 0.054693 0.231490
257 16 1 0.160723 0.487680
257 476 1 0.071003 0.803588
257 150 1 0.337627 0.133616
257 336 1 0.430647 0.468297
258 354 1 0.038082 0.137180
258 168 1 0.370253 0.180555
258 269 1 0.126580 0.790402
258 150 1 0.465085 0.369257
259 375 1 0.990061 0.632325
259 244 1 0.002413 0.669585
259 306 1 0.000497 0.062454
259 71 1 0.007029 0.494533
260 429 1 0.658453 0.481473
260 246 1 0.053372 0.990572
260 221 1 0.046625 0.675765
260 19 1 0.241550 0.360775
261 73 1 0.412421 0.628931
261 107 1 0.154871 0.414794
261 379 1 0.270355 0.359317
261 176 1 0.162354 0.132869
262 374 1 0.326135 0.291313
262 97 1 0.566649 0.828232
262 420 1 0.000588 0.906686
262 440 1 0.106629 0.278754
263 432 1 0.342329 0.004454
263 350 1 0.163977 0.722733
263 363 1 0.419255 0.633266
263 53 1 0.074439 0.740809
264 3 1 0.663022 0.930537
264 372 1 0.061113 0.425801
264 356 1 0.256326 0.990531
264 478 1 0.019539 0.301928
265 42 1 0.541499 0.983463
265 212 1 0.210119 0.285873
265 352 1 0.005731 0.000147
265 18 1 0.242651 0.128652
266 288 1 0.245969 0.235774
266 22 1 0.686391 0.848028
266 200 1 0.060719 0.934964
266 52 1 0.006920 0.116524
267 135 1 0.739864 0.573097
267 270 1 0.030615 0.773880
267 289 1 0.095445 0.487802
267 380 1 0.134076 0.266751
268 12 1 0.400547 0.125018
268 115 1 0.201879 0.394608
268 260 1 0.390087 0.445421
268 405 1 0.007487 0.838934
269 14 1 0.178884 0.368707
269 436 1 0.083060 0.862690
269 300 1 0.146708 0.809953
269 9 1 0.591348 0.135883
270 340 1 0.833713 0.484082
270 240 1 0.162416 0.702588
270 449 1 0.003793 0.556952
270 100 1 0.000078 0.328228
271 397 1 0.855668 0.240021
271 140 1 0.065064 0.715794
271 153 1 0.010520 0.771798
271 399 1 0.068748 0.682064
272 32 1 0.251794 0.443663
272 316 1 0.692810 0.286230
272 398 1 0.052540 0.409782
272 361 1 0.002856 0.525882
273 48 1 0.207330 0.596271
273 78 1 0.653128 0.008420
273 378 1 0.043322 0.787848
273 143 1 0.096221 0.729520
274 100 1 0.355501 0.764841
274 98 1 0.588481 0.139366
274 3 1 0.002705 0.666124
274 42 1 0.053313 0.161337
275 176 1 0.098719 0.396620
275 291 1 0.173836 0.443883
275 230 1 0.363308 0.187738
275 187 1 0.364137 0.605050
276 213 1 0.792548 0.578770
276 297 1 0.090217 0.485349
276 399 1 0.093504 0.489405
276 226 1 0.023731 0.766074
277 61 1 0.471245 0.534916
277 27 1 0.050775 0.759274
277 234 1 0.174726 0.773606
277 208 1 0.303254 0.009625
278 74 1 0.895670 0.172915
278 203 1 0.051332 0.003247
278 308 1 0.051666 0.290125
278 470 1 0.001332 0.808390
279 150 1 0.267227 0.381160
279 460 1 0.058799 0.608754
279 198 1 0.633525 0.917681
279 182 1 0.040449 0.401748
280 296 1 0.726711 0.667959
280 116 1 0.190080 0.151769
280 350 1 0.067300 0.178594
280 151 1 0.015908 0.067641
281 1 1 0.387963 0.837277
281 248 1 0.203514 0.155103
281 101 1 0.256732 0.073097
281 387 1 0.151791 0.982145
282 153 1 0.120514 0.183237
282 103 1 0.825529 0.401762
282 429 1 0.033662 0.517645
282 328 1 0.020295 0.578586
283 201 1 0.997867 0.915650
283 179 1 0.000608 0.316731
283 322 1 0.000932 0.517286
283 413 1 0.000593 0.438046
284 283 1 0.160059 0.993888
284 50 1 0.523047 0.891872
284 446 1 0.008768 0.012046
284 344 1 0.308126 0.509243
285 76 1 0.448914 0.535530
285 201 1 0.018191 0.098564
285 72 1 0.296511 0.174233
285 437 1 0.236384 0.026930
286 211 1 0.073868 0.541576
286 379 1 0.419390 0.169272
286 235 1 0.068647 0.692227
286 361 1 0.438095 0.346953
287 167 1 0.564555 0.422208
287 432 1 0.423386 0.298926
287 350 1 0.005323 0.074460
287 462 1 0.006736 0.823248
288 355 1 0.077735 0.485909
288 220 1 0.547968 0.816217
288 420 1 0.032587 0.438333
288 356 1 0.341710 0.164220
289 275 1 0.563913 0.635355
289 42 1 0.252932 0.493412
289 263 1 0.038873 0.727678
289 235 1 0.144281 0.423073
290 431 1 0.176604 0.411541
290 20 1 0.405681 0.210949
290 84 1 0.019001 0.824693
290 440 1 0.398715 0.702752
291 6 1 0.302103 0.776595
291 213 1 0.413078 0.461595
291 181 1 0.016855 0.947419
291 289 1 0.267963 0.779561
292 262 1 0.589898 0.083984
292 148 1 0.324653 0.533151
292 153 1 0.066938 0.796592
292 146 1 0.018511 0.472182
293 156 1 0.639395 0.381685
293 32 1 0.191626 0.077092
293 103 1 0.123716 0.284771
293 366 1 0.045263 0.522515
294 411 1 0.269094 0.835085
294 145 1 0.390315 0.213733
294 55 1 0.245768 0.329285
294 98 1 0.094824 0.727418
295 98 1 0.876229 0.831654
295 404 1 0.042379 0.865645
295 368 1 0.032644 0.837682
295 260 1 0.048748 0.236359
296 431 1 0.530104 0.356972
296 308 1 0.407194 0.520848
296 423 1 0.007426 0.609577
296 34 1 0.055276 0.496369
297 349 1 0.481978 0.912346
297 207 1 0.098694 0.293122
297 269 1 0.221021 0.097852
297 109 1 0.198307 0.595524
298 34 1 0.891254 0.831896
298 69 1 0.077981 0.191953
298 40 1 0.017227 0.114904
298 372 1 0.013538 0.485885
299 249 1 0.524612 0.488664
299 328 1 0.363477 0.693968
299 155 1 0.075377 0.758730
299 396 1 0.036534 0.160414
300 288 1 0.246332 0.404748
300 72 1 0.588338 0.696413
300 319 1 0.159202 0.402707
300 210 1 0.006128 0.410805
301 246 1 0.903503 0.398280
301 58 1 0.001374 0.432816
301 354 1 0.017605 0.548082
301 300 1 0.077518 0.952235
302 156 1 0.063978 0.401173
302 259 1 0.715260 0.291822
302 33 1 0.015001 0.724906
302 331 1 0.205762 0.659039
303 40 1 0.066410 0.868654
303 271 1 0.057978 0.063881
303 159 1 0.225153 0.199090
303 270 1 0.650459 0.715139
304 305 1 0.501663 0.216867
304 316 1 0.056891 0.792744
304 476 1 0.123409 0.098560
304 381 1 0.318037 0.599496
305 424 1 0.467704 0.986961
305 318 1 0.386992 0.709366
305 61 1 0.080973 0.048853
305 300 1 0.064332 0.490489
306 357 1 0.778969 0.374572
306 240 1 0.049809 0.893421
306 69 1 0.132230 0.909678
306 13 1 0.038991 0.908804
307 394 1 0.039069 0.900461
307 273 1 0.265821 0.364050
307 108 1 0.045613 0.183243
307 22 1 0.649498 0.708100
308 152 1 0.678955 0.122035
308 426 1 0.213342 0.574845
308 231 1 0.066976 0.651896
308 205 1 0.040727 0.856195
309 292 1 0.906228 0.965246
309 393 1 0.036571 0.017291
309 313 1 0.020107 0.694394
309 255 1 0.037094 0.564990
310 172 1 0.202388 0.670360
310 345 1 0.642263 0.296399
310 106 1 0.040418 0.196028
310 19 1 0.114931 0.119278
311 136 1 0.934224 0.950295
311 264 1 0.057068 0.455898
311 289 1 0.006738 0.499205
311 248 1 0.001971 0.197138
312 387 1 0.941006 0.612544
312 93 1 0.020107 0.567668
312 436 1 0.008425 0.726932
312 139 1 0.030462 0.367147
313 410 1 0.086677 0.677639
313 17 1 0.115698 0.349171
313 438 1 0.214372 0.935967
313 95 1 0.583253 0.259950
314 257 1 0.094048 0.921654
314 315 1 0.356288 0.191166
314 107 1 0.430029 0.683507
314 458 1 0.119635 0.469137
315 108 1 0.029356 0.222699
315 214 1 0.221877 0.721557
315 1 1 0.367388 0.859464
315 67 1 0.381379 0.091123
316 448 1 0.826217 0.387456
316 39 1 0.138333 0.609014
316 80 1 0.022794 0.956799
316 68 1 0.012656 0.818668
317 431 1 0.456898 0.372121
317 392 1 0.361398 0.079467
317 322 1 0.172631 0.152526
317 411 1 0.009073 0.238252
318 257 1 0.318631 0.464953
318 427 1 0.628415 0.894222
318 429 1 0.011841 0.002133
318 200 1 0.041113 0.056220
319 19 1 0.704419 0.462522
319 46 1 0.086993 0.656629
319 256 1 0.047653 0.383555
319 406 1 0.160935 0.904438
320 426 1 0.685072 0.122905
320 212 1 0.231542 0.933506
320 65 1 0.014820 0.978968
320 356 1 0.068566 0.418709
321 37 1 0.153198 0.665681
321 24 1 0.437899 0.716285
321 259 1 0.198007 0.073627
321 101 1 0.210896 0.121841
322 146 1 0.479848 0.083796
322 173 1 0.000005 0.252056
322 79 1 0.072637 0.055468
322 61 1 0.447510 0.295242
323 195 1 0.463015 0.743349
323 366 1 0.434231 0.145429
323 127 1 0.049457 0.799572
323 163 1 0.053297 0.753377
324 405 1 0.741561 0.260093
324 206 1 0.221511 0.861066
324 38 1 0.013462 0.576084
324 356 1 0.023466 0.242355
325 118 1 0.794583 0.860734
325 359 1 0.203712 0.212759
325 287 1 0.001387 0.660590
325 182 1 0.000318 0.289804
326 306 1 0.395690 0.731997
326 45 1 0.488076 0.164241
326 190 1 0.081071 0.573414
326 132 1 0.035164 0.434837
327 90 1 0.680282 0.232926
327 445 1 0.306919 0.461687
327 58 1 0.003460 0.621415
327 36 1 0.009339 0.359477
328 177 1 0.076239 0.441187
328 410 1 0.816791 0.315226
328 200 1 0.030768 0.023672
328 21 1 0.076202 0.237438
329 241 1 0.873855 0.311626
329 458 1 0.121185 0.428300
329 121 1 0.000209 0.423771
329 386 1 0.004751 0.355380
330 438 1 0.074632 0.681396
330 200 1 0.353945 0.708706
330 446 1 0.514750 0.315502
330 153 1 0.056674 0.446578
331 373 1 0.866329 0.235828
331 380 1 0.006738 0.665680
331 123 1 0.108612 0.075002
331 298 1 0.018321 0.498821
332 394 1 0.427123 0.922864
332 175 1 0.487118 0.243107
332 32 1 0.055660 0.872209
332 39 1 0.030100 0.153110
333 269 1 0.041256 0.730400
333 22 1 0.069734 0.801135
333 152 1 0.476622 0.994774
333 313 1 0.412388 0.049660
334 211 1 0.666906 0.959413
334 284 1 0.092570 0.930736
334 176 1 0.148747 0.971631
334 149 1 0.091777 0.328229
335 54 1 0.592531 0.102728
335 79 1 0.189911 0.056140
335 61 1 0.128247 0.592468
335 181 1 0.089311 0.162355
336 127 1 0.830230 0.178710
336 326 1 0.077415 0.783821
336 109 1 0.074336 0.254057
336 33 1 0.018018 0.021854
337 285 1 0.864753 0.426625
337 308 1 0.039621 0.538758
337 286 1 0.054790 0.380356
337 437 1 0.040837 0.946110
338 10 1 0.483549 0.803670
338 187 1 0.417304 0.696628
338 81 1 0.018345 0.989285
338 307 1 0.080803 0.870488
339 101 1 0.017240 0.442796
339 240 1 0.040537 0.565803
339 289 1 0.355912 0.265353
339 419 1 0.586312 0.508101
340 87 1 0.309446 0.446631
340 79 1 0.059568 0.806834
340 248 1 0.014094 0.076606
340 238 1 0.616892 0.516905
341 199 1 0.684996 0.053764
341 458 1 0.278496 0.671161
341 329 1 0.022680 0.844555
341 217 1 0.013829 0.583230
342 441 1 0.161042 0.995774
342 478 1 0.545605 0.055132
342 271 1 0.094189 0.191400
342 122 1 0.199164 0.784429
343 364 1 0.763249 0.921595
343 331 1 0.155686 0.570521
343 110 1 0.009493 0.414396
343 12 1 0.071572 0.878931
344 178 1 0.076526 0.740873
344 218 1 0.551827 0.864620
344 331 1 0.039017 0.734496
344 462 1 0.332630 0.380137
345 334 1 0.374685 0.954682
345 425 1 0.085946 0.734883
345 419 1 0.535007 0.231484
345 343 1 0.004362 0.662232
346 132 1 0.429601 0.262283
346 307 1 0.328131 0.634918
346 170 1 0.197441 0.407442
346 40 1 0.044827 0.790241
347 68 1 0.227721 0.213174
347 267 1 0.596497 0.518078
347 266 1 0.059914 0.387123
347 154 1 0.115868 0.882035
348 345 1 0.894165 0.478503
348 35 1 0.004039 0.404461
348 199 1 0.040994 0.608384
348 351 1 0.060802 0.893927
349 13 1 0.183972 0.508259
349 336 1 0.488840 0.927321
349 89 1 0.099410 0.712291
349 454 1 0.227778 0.550190
350 334 1 0.418990 0.890130
350 359 1 0.370420 0.711844
350 383 1 0.059748 0.497006
350 26 1 0.150841 0.003838
351 18 1 0.789319 0.761349
351 13 1 0.083475 0.341320
351 324 1 0.095410 0.308751
351 195 1 0.031797 0.543778
352 38 1 0.033893 0.309166
352 463 1 0.389985 0.607619
352 464 1 0.505779 0.510060
352 371 1 0.070343 0.183201
353 408 1 0.590894 0.541164
353 212 1 0.280862 0.928806
353 234 1 0.011489 0.634547
353 347 1 0.116755 0.774262
354 39 1 0.314339 0.509809
354 212 1 0.295130 0.192742
354 386 1 0.099076 0.993949
354 106 1 0.291454 0.443369
355 478 1 0.814957 0.623061
355 172 1 0.114932 0.719196
355 67 1 0.020184 0.589890
355 151 1 0.049927 0.209286
356 206 1 0.876263 0.383666
356 74 1 0.016924 0.789796
356 22 1 0.040135 0.639523
356 219 1 0.066678 0.534156
357 409 1 0.064417 0.305710
357 397 1 0.286675 0.280688
357 1 1 0.227344 0.910250
357 71 1 0.421564 0.752676
358 84 1 0.675669 0.679862
358 383 1 0.014167 0.935933
358 96 1 0.075986 0.581572
358 102 1 0.234178 0.326369
359 203 1 0.110966 0.066182
359 228 1 0.740507 0.215286
359 104 1 0.115271 0.275567
359 240 1 0.033255 0.839521
360 211 1 0.654715 0.008110
360 376 1 0.194343 0.076305
360 419 1 0.115399 0.631819
360 426 1 0.035543 0.449999
361 108 1 0.297310 0.659606
361 173 1 0.379435 0.821387
361 293 1 0.202479 0.942632
361 146 1 0.120776 0.917225
362 192 1 0.672535 0.199216
362 199 1 0.257621 0.678066
362 60 1 0.015343 0.661854
362 477 1 0.054501 0.653948
363 178 1 0.349571 0.504070
363 413 1 0.373053 0.954017
363 435 1 0.033857 0.818760
363 192 1 0.243520 0.445604
364 7 1 0.429998 0.846003
364 265 1 0.315936 0.205156
364 218 1 0.106818 0.422063
364 415 1 0.147249 0.161909
365 182 1 0.499064 0.523710
365 218 1 0.032131 0.859230
365 6 1 0.402790 0.266235
365 266 1 0.066016 0.209939
366 408 1 0.180055 0.865121
366 389 1 0.601753 0.403354
366 175 1 0.077757 0.787698
366 131 1 0.140435 0.249037
367 424 1 0.316341 0.218070
367 278 1 0.122097 0.877842
367 178 1 0.047587 0.685631
367 442 1 0.513975 0.421619
368 174 1 0.110951 0.964293
368 117 1 0.542005 0.340013
368 388 1 0.229020 0.388824
368 89 1 0.118023 0.152823
369 98 1 0.136450 0.696132
369 201 1 0.176017 0.591472
369 235 1 0.085733 0.473237
369 97 1 0.601800 0.249345
370 207 1 0.322268 0.538882
370 102 1 0.255357 0.579528
370 95 1 0.024921 0.366028
370 192 1 0.397454 0.423178
371 35 1 0.098326 0.262195
371 50 1 0.362110 0.506162
371 383 1 0.096934 0.254322
371 42 1 0.442630 0.938329
372 314 1 0.169021 0.383006
372 121 1 0.244787 0.573119
372 264 1 0.346003 0.720987
372 304 1 0.240189 0.771221
373 146 1 0.930781 0.909926
373 270 1 0.012604 0.036616
373 90 1 0.032876 0.146896
373 74 1 0.023739 0.445456
374 466 1 0.020722 0.419686
374 264 1 0.344386 0.010466
374 12 1 0.053018 0.273920
374 410 1 0.581875 0.067293
375 349 1 0.973096 0.149592
375 190 1 0.022391 0.351223
375 372 1 0.000473 0.678090
375 331 1 0.004040 0.452679
376 306 1 0.752302 0.702447
376 280 1 0.075787 0.585382
376 419 1 0.046700 0.469648
376 211 1 0.125211 0.013542
377 288 1 0.849254 0.255021
377 461 1 0.052870 0.117161
377 308 1 0.065842 0.658337
377 302 1 0.032034 0.168719
378 83 1 0.212346 0.707032
378 402 1 0.213487 0.300583
378 301 1 0.521733 0.620183
378 405 1 0.052434 0.996448
379 259 1 0.810517 0.694037
379 205 1 0.084976 0.062696
379 446 1 0.103947 0.282680
379 381 1 0.000560 0.054160
380 133 1 0.917972 0.449101
380 230 1 0.057715 0.296882
380 205 1 0.000336 0.506341
380 279 1 0.023977 0.114288
381 307 1 0.674307 0.378259
381 102 1 0.178614 0.459171
381 352 1 0.050474 0.330013
381 293 1 0.096604 0.442973
382 173 1 0.834195 0.410112
382 172 1 0.003412 0.205192
382 223 1 0.100795 0.694807
382 42 1 0.061598 0.377443
383 361 1 0.653515 0.863567
383 402 1 0.049422 0.165161
383 180 1 0.287206 0.539653
383 474 1 0.009857 0.768093
384 10 1 0.864476 0.382040
384 407 1 0.069744 0.784899
384 14 1 0.003398 0.342918
384 297 1 0.062382 0.070188
385 388 1 0.635934 0.228429
385 321 1 0.102216 0.231556
385 406 1 0.190496 0.486998
385 279 1 0.071355 0.608110
386 51 1 0.881214 0.013985
386 228 1 0.044669 0.700268
386 204 1 0.007546 0.358342
386 309 1 0.066571 0.992970
387 240 1 0.071022 0.114516
387 170 1 0.161646 0.196261
387 18 1 0.202823 0.934293
387 180 1 0.564509 0.058256
388 207 1 0.804331 0.338476
388 222 1 0.174656 0.859316
388 458 1 0.003728 0.178473
388 322 1 0.017284 0.380013
389 131 1 0.114409 0.020547
389 139 1 0.767219 0.304646
389 135 1 0.059163 0.744194
389 303 1 0.059209 0.692071
390 310 1 0.986944 0.109212
390 166 1 0.010581 0.464439
390 153 1 0.001865 0.239457
390 478 1 0.000609 0.940643
391 375 1 0.064451 0.597196
391 332 1 0.770099 0.343130
391 280 1 0.000328 0.021350
391 385 1 0.165121 0.194144
392 259 1 0.871591 0.538568
392 293 1 0.040874 0.736556
392 202 1 0.047022 0.023362
392 455 1 0.040513 0.787838
393 134 1 0.423212 0.257248
393 416 1 0.486147 0.522155
393 254 1 0.036110 0.746586
393 471 1 0.054531 0.036174
394 451 1 0.607063 0.847575
394 265 1 0.327150 0.572115
394 109 1 0.010572 0.542829
394 19 1 0.055215 0.530446
395 242 1 0.937178 0.676753
395 126 1 0.061434 0.327240
395 198 1 0.001039 0.547060
395 448 1 0.000349 0.971159
396 156 1 0.920901 0.295580
396 177 1 0.029123 0.645257
396 290 1 0.001245 0.926851
396 286 1 0.048732 0.894274
397 123 1 0.181030 0.880772
397 233 1 0.268471 0.981900
397 110 1 0.062828 0.961692
397 240 1 0.487671 0.725935
398 206 1 0.031648 0.618163
398 262 1 0.513555 0.265123
398 238 1 0.116149 0.207996
398 101 1 0.338648 0.869382
399 401 1 0.355626 0.128483
399 325 1 0.095689 0.264759
399 6 1 0.203309 0.026519
399 181 1 0.345376 0.162983
400 139 1 0.654270 0.023831
400 16 1 0.186785 0.309479
400 443 1 0.021969 0.044817
400 80 1 0.136976 0.499228
401 239 1 0.672391 0.188703
401 25 1 0.135150 0.879367
401 72 1 0.038231 0.713898
401 210 1 0.154228 0.688312
402 289 1 0.987496 0.571188
402 180 1 0.009364 0.645090
402 228 1 0.000887 0.262390
402 51 1 0.002254 0.039754
403 113 1 0.833524 0.191457
403 233 1 0.095243 0.031237
403 306 1 0.068222 0.909937
403 268 1 0.003011 0.847345
404 217 1 0.076138 0.954272
404 117 1 0.536913 0.528568
404 75 1 0.191106 0.795645
404 339 1 0.195843 0.299456
405 157 1 0.223882 0.963122
405 184 1 0.526310 0.747594
405 99 1 0.000722 0.116340
405 170 1 0.249086 0.872342
406 445 1 0.049440 0.760989
406 144 1 0.913067 0.594449
406 270 1 0.027412 0.064463
406 366 1 0.010081 0.679966
407 277 1 0.945995 0.406572
407 84 1 0.035083 0.844483
407 354 1 0.004677 0.884868
407 223 1 0.014245 0.839969
408 386 1 0.745625 0.016474
408 125 1 0.033889 0.398146
408 302 1 0.060148 0.548097
408 145 1 0.160337 0.201342
409 149 1 0.801156 0.030652
409 181 1 0.058406 0.873075
409 354 1 0.032390 0.577989
409 437 1 0.108047 0.154445
410 168 1 0.215364 0.301830
410 389 1 0.172312 0.569005
410 8 1 0.015272 0.543869
410 281 1 0.597052 0.147644
411 429 1 0.745056 0.198525
411 314 1 0.039224 0.758704
411 69 1 0.060951 0.862781
411 167 1 0.154769 0.596282
412 238 1 0.525028 0.875441
412 143 1 0.159557 0.207232
412 26 1 0.203103 0.350267
412 202 1 0.112312 0.185604
413 134 1 0.573129 0.632355
413 412 1 0.208504 0.045221
413 371 1 0.178600 0.469066
413 386 1 0.039767 0.504358
414 363 1 0.371724 0.133180
414 448 1 0.261031 0.850772
414 81 1 0.337969 0.159549
414 447 1 0.029276 0.378608
415 52 1 0.662823 0.514343
415 434 1 0.327193 0.343362
415 190 1 0.004989 0.007228
415 437 1 0.004996 0.566948
416 367 1 0.730821 0.407696
416 300 1 0.201117 0.476322
416 389 1 0.003185 0.726042
416 36 1 0.064877 0.246715
417 1 1 0.423752 0.108007
417 71 1 0.403680 0.415045
417 281 1 0.102548 0.445504
417 456 1 0.070020 0.940176
418 459 1 0.130887 0.794001
418 96 1 0.165647 0.200339
418 257 1 0.669434 0.079408
418 409 1 0.034033 0.666284
419 217 1 0.777733 0.030541
419 133 1 0.072212 0.343974
419 383 1 0.038625 0.516532
419 454 1 0.111429 0.743896
420 84 1 0.548341 0.095455
420 216 1 0.153849 0.996573
420 463 1 0.296852 0.710297
420 217 1 0.000958 0.943678
421 148 1 0.635903 0.390305
421 162 1 0.297486 0.502428
421 124 1 0.045654 0.037462
421 319 1 0.020958 0.800268
422 131 1 0.665360 0.433723
422 204 1 0.131904 0.309131
422 286 1 0.103633 0.288362
422 469 1 0.099104 0.553482
423 445 1 0.241215 0.965427
423 284 1 0.277595 0.113226
423 235 1 0.454910 0.545940
423 140 1 0.026281 0.192935
424 104 1 0.040747 0.418993
424 144 1 0.845818 0.105345
424 176 1 0.099679 0.595359
424 391 1 0.013756 0.505024
425 215 1 0.913461 0.373933
425 264 1 0.059769 0.504836
425 367 1 0.023933 0.275180
425 2 1 0.002836 0.414748
426 359 1 0.664916 0.896653
426 431 1 0.090979 0.929756
426 218 1 0.061267 0.025385
426 97 1 0.182838 0.638969
427 85 1 0.617323 0.362719
427 121 1 0.043026 0.292272
427 358 1 0.084019 0.022937
427 455 1 0.255632 0.705987
428 337 1 0.689700 0.654268
428 150 1 0.090614 0.794833
428 479 1 0.112175 0.661167
428 292 1 0.107511 0.283935
429 311 1 0.538102 0.827201
429 123 1 0.259407 0.200684
429 418 1 0.180489 0.989221
429 441 1 0.022002 0.726015
430 134 1 0.215249 0.300081
430 225 1 0.109761 0.226217
430 431 1 0.397165 0.855801
430 387 1 0.277824 0.757067
431 29 1 0.577992 0.256109
431 473 1 0.090009 0.035241
431 334 1 0.179890 0.967901
431 419 1 0.152109 0.346982
432 137 1 0.717189 0.302997
432 317 1 0.089352 0.171485
432 330 1 0.139779 0.750574
432 159 1 0.053680 0.809101
433 101 1 0.755763 0.760331
433 218 1 0.118401 0.621252
433 161 1 0.001151 0.003631
433 460 1 0.124685 0.357808
434 169 1 0.193169 0.510479
434 186 1 0.636054 0.646655
434 364 1 0.130494 0.776555
434 61 1 0.040283 0.851124
435 307 1 0.840327 0.954980
435 242 1 0.024085 0.377462
435 36 1 0.056562 0.086777
435 451 1 0.079026 0.631127
436 391 1 0.478100 0.181329
436 36 1 0.472637 0.604129
436 263 1 0.028865 0.774049
436 31 1 0.020398 0.614505
437 445 1 0.914447 0.968901
437 202 1 0.027639 0.502973
437 471 1 0.056381 0.774130
437 387 1 0.001533 0.095915
438 234 1 0.011771 0.904574
438 230 1 0.194368 0.992037
438 102 1 0.502517 0.981826
438 70 1 0.291344 0.315749
439 223 1 0.975471 0.084985
439 435 1 0.000050 0.137138
439 9 1 0.010974 0.680069
439 168 1 0.013506 0.245832
440 273 1 0.062460 0.853664
440 338 1 0.123098 0.673483
440 326 1 0.348316 0.252942
440 181 1 0.466126 0.147053
441 363 1 0.927806 0.175187
441 294 1 0.019985 0.954894
441 161 1 0.003062 0.873354
441 340 1 0.049147 0.257363
442 1 1 0.746404 0.157871
442 332 1 0.140216 0.441578
442 400 1 0.101679 0.006556
442 115 1 0.011701 0.318759
443 382 1 0.022159 0.056723
443 244 1 0.767586 0.679221
443 86 1 0.125922 0.510283
443 101 1 0.084333 0.352188
444 87 1 0.965538 0.684739
444 156 1 0.029213 0.605039
444 131 1 0.004113 0.226909
444 339 1 0.001137 0.077243
445 165 1 0.073614 0.673592
445 123 1 0.552485 0.486238
445 246 1 0.137491 0.979163
445 206 1 0.236410 0.766890
446 155 1 0.354758 0.781476
446 275 1 0.633272 0.627923
446 191 1 0.002199 0.258667
446 398 1 0.009771 0.197438
447 91 1 0.624589 0.324388
447 166 1 0.302256 0.015507
447 478 1 0.061902 0.775601
447 237 1 0.011253 0.678780
448 299 1 0.257852 0.127092
448 179 1 0.182951 0.858966
448 120 1 0.151098 0.751268
448 114 1 0.408099 0.557800
449 148 1 0.761708 0.745153
449 459 1 0.075986 0.132241
449 401 1 0.066063 0.459392
449 479 1 0.096243 0.840721
450 36 1 0.622389 0.146412
450 381 1 0.003336 0.003516
450 431 1 0.043009 0.358696
450 408 1 0.331266 0.323723
451 3 1 0.786638 0.964843
451 38 1 0.168644 0.185302
451 371 1 0.030229 0.224338
451 133 1 0.014490 0.226134
452 376 1 0.238447 0.251343
452 57 1 0.618952 0.191299
452 63 1 0.020680 0.634419
452 430 1 0.121921 0.094945
453 262 1 0.771671 0.160985
453 31 1 0.076978 0.697126
453 392 1 0.098299 0.143519
453 345 1 0.053053 0.278111
454 221 1 0.721222 0.520345
454 310 1 0.056712 0.611881
454 435 1 0.138888 0.781593
454 194 1 0.083178 0.322462
455 308 1 0.950804 0.012189
455 479 1 0.009251 0.902521
455 13 1 0.035991 0.659486
455 8 1 0.003954 0.542324
456 120 1 0.605594 0.191852
456 413 1 0.172376 0.831082
456 442 1 0.150210 0.133885
456 386 1 0.071820 0.432633
457 334 1 0.103487 0.108890
457 441 1 0.114909 0.156881
457 94 1 0.145609 0.056101
457 177 1 0.635995 0.278464
458 343 1 0.617111 0.936697
458 332 1 0.098352 0.813313
458 392 1 0.120474 0.171085
458 153 1 0.164063 0.196000
459 369 1 0.174185 0.679971
459 284 1 0.125777 0.152565
459 285 1 0.481223 0.636896
459 74 1 0.218815 0.005007
460 340 1 0.880122 0.066445
460 156 1 0.074581 0.099072
460 311 1 0.020848 0.921715
460 409 1 0.024448 0.964084
461 186 1 0.107914 0.614883
461 223 1 0.090910 0.930593
461 274 1 0.181125 0.102276
461 214 1 0.620051 0.995917
462 341 1 0.135095 0.452167
462 38 1 0.542437 0.394274
462 407 1 0.211126 0.127978
462 456 1 0.111341 0.509028
463 37 1 0.406801 0.734288
463 419 1 0.438561 0.184197
463 443 1 0.005408 0.266280
463 353 1 0.149230 0.480809
464 233 1 0.085456 0.194930
464 158 1 0.126674 0.678728
464 15 1 0.516934 0.386844
464 195 1 0.270936 0.002038
465 251 1 0.447656 0.403148
465 192 1 0.512175 0.014239
465 345 1 0.004858 0.037404
465 104 1 0.035311 0.894180
466 104 1 0.304178 0.220475
466 18 1 0.005794 0.315073
466 280 1 0.476046 0.358000
466 195 1 0.213983 0.350427
467 110 1 0.468187 0.342614
467 161 1 0.040289 0.775191
467 55 1 0.406047 0.601260
467 265 1 0.085478 0.338714
468 471 1 0.394214 0.120450
468 272 1 0.176701 0.898117
468 258 1 0.383018 0.788346
468 23 1 0.046067 0.560569
469 66 1 0.815049 0.753622
469 471 1 0.118761 0.316974
469 363 1 0.039056 0.486881
469 390 1 0.027133 0.308699
470 206 1 0.781228 0.942148
470 339 1 0.169680 0.810194
470 235 1 0.027672 0.748532
470 146 1 0.021420 0.509488
471 131 1 0.845937 0.188114
471 6 1 0.021619 0.335232
471 306 1 0.097775 0.297350
471 363 1 0.034669 0.711186
472 163 1 0.123543 0.871285
472 128 1 0.306092 0.996383
472 365 1 0.177783 0.042741
472 414 1 0.392582 0.194754
473 127 1 0.436931 0.839760
473 230 1 0.102118 0.543480
473 325 1 0.087050 0.476280
473 39 1 0.373901 0.790517
474 247 1 0.809191 0.068636
474 125 1 0.000902 0.476344
474 233 1 0.090734 0.765545
474 357 1 0.099174 0.102150
475 94 1 0.997366 0.612302
475 96 1 0.002616 0.503829
475 429 1 0.000003 0.647089
475 85 1 0.000014 0.808881
476 367 1 0.882308 0.930614
476 208 1 0.067926 0.119140
476 394 1 0.046282 0.697519
476 240 1 0.003485 0.243258
477 199 1 0.271092 0.147945
477 85 1 0.231525 0.566370
477 151 1 0.263107 0.044665
477 405 1 0.234276 0.515951
478 424 1 0.719742 0.000000
478 193 1 0.215394 0.000000
478 358 1 0.057901 0.000000
478 362 1 0.006963 0.000000
479 198 1 0.539598 0.841690
479 471 1 0.283438 0.762542
479 53 1 0.157016 0.226823
479 169 1 0.019948 0.656396
480 119 1 0.416453 0.486425
480 418 1 0.455451 0.637345
480 390 1 0.056018 0.321092
480 54 1 0.072078 0.018287
