80 314 34 12 60
12 10 1 1 0
60 11 1 1 0
1 28 1 0.154998 0.033192
1 51 1 0.416660 0.978435
1 41 1 0.024511 0.389649
1 20 1 0.403831 0.722677
2 17 1 0.631231 0.450448
2 53 1 0.100843 0.815637
2 14 1 0.054460 0.249285
2 8 1 0.213466 0.536138
3 38 1 0.338077 0.309682
3 30 1 0.152290 0.462298
3 10 1 0.445291 0.168690
3 65 1 0.064341 0.500047
4 46 1 0.834705 0.733999
4 27 1 0.001954 0.570775
4 31 1 0.024001 0.282688
4 3 1 0.139341 0.791113
5 56 1 0.896327 0.041074
5 75 1 0.014083 0.636645
5 2 1 0.046431 0.217525
5 20 1 0.043159 0.704622
6 77 1 0.740799 0.032799
6 43 1 0.031089 0.432085
6 57 1 0.072246 0.547026
6 40 1 0.155866 0.350000
7 30 1 0.925404 0.831340
7 10 1 0.042703 0.108272
7 24 1 0.011103 0.811785
7 73 1 0.020791 0.164720
8 18 1 0.396625 0.314306
8 26 1 0.106819 0.909169
8 28 1 0.049773 0.767847
8 43 1 0.446783 0.172829
9 66 1 0.608948 0.554248
9 48 1 0.001061 0.224121
9 34 1 0.148920 0.379212
9 39 1 0.241070 0.439389
10 36 1 0.433391 0.671485
10 41 1 0.302314 0.171011
10 51 1 0.082562 0.754693
10 65 1 0.181733 0.673617
11 25 1 0.324262 0.545316
11 7 1 0.484105 0.778456
11 51 1 0.145374 0.702720
11 17 1 0.046259 0.609882
13 9 1 0.183356 0.836759
13 3 1 0.102072 0.536674
13 65 1 0.091872 0.427160
13 22 1 0.622700 0.796469
14 10 1 0.087987 0.636310
14 28 1 0.487556 0.676382
14 53 1 0.233437 0.670274
14 24 1 0.191020 0.798323
15 57 1 0.449369 0.843931
15 37 1 0.201548 0.833302
15 30 1 0.079048 0.248871
15 1 1 0.270034 0.802310
16 31 1 0.091959 0.243825
16 47 1 0.046702 0.072234
16 2 1 0.111874 0.563130
16 33 1 0.749465 0.546351
17 64 1 0.622429 0.245387
17 67 1 0.279980 0.091981
17 55 1 0.084990 0.114024
17 18 1 0.012601 0.779130
18 2 1 0.465154 0.874178
18 66 1 0.360904 0.907810
18 33 1 0.031715 0.253147
18 52 1 0.142227 0.163790
19 51 1 0.580387 0.828549
19 58 1 0.085499 0.518978
19 38 1 0.164106 0.346418
19 32 1 0.170007 0.579975
20 4 1 0.935063 0.605035
20 55 1 0.042364 0.118219
20 16 1 0.004057 0.634049
20 66 1 0.018516 0.997691
21 1 1 0.920665 0.928793
21 2 1 0.078868 0.337113
21 50 1 0.000425 0.311382
21 3 1 0.000042 0.454094
22 55 1 0.776707 0.752808
22 73 1 0.063793 0.044518
22 59 1 0.033245 0.295339
22 24 1 0.126254 0.160136
23 34 1 0.976057 0.544900
23 17 1 0.014529 0.887960
23 45 1 0.002790 0.567602
23 35 1 0.006624 0.033844
24 25 1 0.272172 0.645822
24 30 1 0.161751 0.795655
24 77 1 0.181227 0.386166
24 79 1 0.384851 0.199111
25 22 1 0.447574 0.604729
25 53 1 0.325501 0.189988
25 65 1 0.190585 0.584258
25 55 1 0.036340 0.034320
26 79 1 0.927968 0.574706
26 8 1 0.049888 0.209806
26 38 1 0.011986 0.975550
26 18 1 0.010158 0.063696
27 65 1 0.810893 0.622806
27 13 1 0.055858 0.878200
27 8 1 0.078592 0.431772
27 46 1 0.054658 0.220415
28 53 1 0.424960 0.104353
28 62 1 0.355835 0.084664
28 22 1 0.185145 0.604978
28 24 1 0.034060 0.962300
29 64 1 0.652716 0.797000
29 51 1 0.005162 0.510663
29 17 1 0.063398 0.246295
29 18 1 0.278724 0.720677
30 38 1 0.207120 0.837997
30 15 1 0.682534 0.834740
30 52 1 0.083161 0.808252
30 54 1 0.027185 0.474626
31 61 1 0.989996 0.988652
31 53 1 0.004677 0.120186
31 64 1 0.004332 0.810168
31 33 1 0.000995 0.974136
32 28 1 0.677642 0.881000
32 6 1 0.312266 0.775020
32 67 1 0.001059 0.104594
32 10 1 0.009033 0.437804
33 6 1 0.345894 0.543273
33 53 1 0.007467 0.765536
33 17 1 0.219252 0.046186
33 18 1 0.427387 0.208297
34 71 1 0.492249 0.000000
34 57 1 0.157234 0.000000
34 30 1 0.314109 0.000000
34 53 1 0.036407 0.000000
35 23 1 0.797289 0.502102
35 57 1 0.113049 0.122464
35 36 1 0.014956 0.628210
35 44 1 0.074707 0.319933
36 1 1 0.348515 0.642291
36 20 1 0.537073 0.384615
36 16 1 0.041941 0.466925
36 72 1 0.072470 0.705662
37 38 1 0.834298 0.702860
37 28 1 0.159337 0.177818
37 61 1 0.003548 0.267996
37 64 1 0.002817 0.313450
38 56 1 0.876075 0.359741
38 16 1 0.059479 0.405354
38 20 1 0.027027 0.603607
38 30 1 0.037418 0.847531
39 79 1 0.295800 0.180932
39 53 1 0.453517 0.415535
39 57 1 0.012355 0.026711
39 35 1 0.238327 0.408038
40 33 1 0.939818 0.196519
40 44 1 0.018364 0.575895
40 38 1 0.011728 0.221529
40 72 1 0.030090 0.924492
41 61 1 0.371985 0.864997
41 30 1 0.191962 0.160221
41 63 1 0.359093 0.343971
41 13 1 0.076961 0.681669
42 34 1 0.720354 0.074827
42 36 1 0.017401 0.672004
42 35 1 0.246009 0.881893
42 46 1 0.016236 0.930399
43 53 1 0.770716 0.964809
43 66 1 0.164864 0.619155
43 58 1 0.004911 0.723586
43 78 1 0.059509 0.011180
44 70 1 0.388147 0.972527
44 40 1 0.298402 0.605479
44 37 1 0.288803 0.195258
44 47 1 0.024648 0.072175
45 55 1 0.527467 0.072026
45 56 1 0.182772 0.608485
45 76 1 0.169217 0.483183
45 30 1 0.120543 0.395074
46 29 1 0.866808 0.022224
46 28 1 0.057643 0.944175
46 64 1 0.038059 0.513339
46 37 1 0.037490 0.526546
47 46 1 0.233044 0.465795
47 28 1 0.316232 0.061241
47 74 1 0.058018 0.239185
47 38 1 0.392706 0.724866
48 63 1 0.830551 0.772381
48 25 1 0.154447 0.752373
48 75 1 0.008859 0.631373
48 58 1 0.006143 0.609055
49 7 1 0.381620 0.259482
49 5 1 0.055224 0.210737
49 44 1 0.545940 0.060227
49 52 1 0.017216 0.687754
50 58 1 0.035948 0.803101
50 31 1 0.144034 0.277976
50 13 1 0.098379 0.630715
50 75 1 0.721639 0.897715
51 9 1 0.860874 0.729503
51 65 1 0.115366 0.095037
51 66 1 0.007494 0.603112
51 23 1 0.016265 0.799918
52 22 1 0.196939 0.701060
52 8 1 0.445174 0.811941
52 53 1 0.265735 0.046743
52 78 1 0.092152 0.533828
53 58 1 0.714487 0.164868
53 3 1 0.208348 0.234577
53 2 1 0.011085 0.654291
53 6 1 0.066080 0.484203
54 41 1 0.921141 0.075938
54 38 1 0.076168 0.156838
54 26 1 0.001047 0.523973
54 43 1 0.001645 0.259436
55 8 1 0.465886 0.725054
55 39 1 0.056622 0.575259
55 27 1 0.439790 0.167965
55 7 1 0.037701 0.467711
56 9 1 0.848037 0.420629
56 76 1 0.149048 0.919237
56 39 1 0.002249 0.059705
56 69 1 0.000666 0.566973
57 56 1 0.891233 0.100169
57 4 1 0.013504 0.116482
57 42 1 0.050709 0.132085
57 9 1 0.044554 0.792677
58 34 1 0.274521 0.963024
58 29 1 0.354637 0.099511
58 4 1 0.130305 0.425891
58 17 1 0.240538 0.301304
59 15 1 0.793914 0.005384
59 44 1 0.151765 0.282041
59 40 1 0.052045 0.121800
59 11 1 0.002275 0.863959
61 51 1 0.977264 0.901329
61 13 1 0.022569 0.606062
61 9 1 0.000064 0.822954
61 29 1 0.000103 0.824432
62 69 1 0.845031 0.886453
62 65 1 0.086657 0.053408
62 9 1 0.005711 0.633443
62 30 1 0.062601 0.241171
63 23 1 0.795703 0.215600
63 10 1 0.086635 0.753719
63 72 1 0.086039 0.275247
63 5 1 0.031624 0.709342
64 48 1 0.546952 0.388295
64 73 1 0.019692 0.874622
64 11 1 0.244223 0.751015
64 31 1 0.189133 0.880539
65 45 1 0.867423 0.027585
65 25 1 0.029863 0.613502
65 21 1 0.039737 0.904230
65 28 1 0.062977 0.077665
66 37 1 0.995080 0.237343
66 4 1 0.001254 0.529762
66 36 1 0.001708 0.959272
66 65 1 0.001958 0.384539
67 7 1 0.430448 0.618349
67 52 1 0.269813 0.821869
67 54 1 0.249303 0.773848
67 51 1 0.050436 0.819865
68 66 1 0.759917 0.660166
68 65 1 0.050418 0.061332
68 76 1 0.060734 0.271077
68 78 1 0.128931 0.038345
69 48 1 0.347449 0.133939
69 26 1 0.299029 0.944729
69 42 1 0.099433 0.163723
69 33 1 0.254089 0.556038
70 9 1 0.720015 0.164739
70 71 1 0.071080 0.498437
70 56 1 0.142140 0.441874
70 18 1 0.066765 0.373713
71 39 1 0.493805 0.148638
71 35 1 0.000245 0.819234
71 40 1 0.504521 0.963771
71 7 1 0.001430 0.056982
72 46 1 0.351366 0.945094
72 71 1 0.042931 0.483626
72 51 1 0.413552 0.688106
72 70 1 0.192151 0.112127
73 66 1 0.445115 0.447784
73 46 1 0.470165 0.874517
73 72 1 0.052694 0.832143
73 23 1 0.032027 0.921467
74 49 1 0.506979 0.035797
74 28 1 0.380265 0.506778
74 8 1 0.068876 0.699001
74 31 1 0.043880 0.640091
75 54 1 0.277918 0.000137
75 37 1 0.498176 0.804299
75 56 1 0.106667 0.537025
75 41 1 0.117239 0.808553
76 22 1 0.729981 0.637025
76 52 1 0.066906 0.680103
76 14 1 0.015855 0.691397
76 69 1 0.187258 0.891473
77 52 1 0.346336 0.261013
77 31 1 0.564291 0.586477
77 23 1 0.020765 0.426844
77 61 1 0.068609 0.549408
78 76 1 0.288559 0.275857
78 53 1 0.038894 0.172592
78 35 1 0.380917 0.326284
78 8 1 0.291630 0.595908
79 68 1 0.625894 0.158864
79 17 1 0.220587 0.826275
79 28 1 0.084954 0.351806
79 34 1 0.068565 0.240761
80 42 1 0.098418 0.834753
80 72 1 0.015757 0.162962
80 20 1 0.304098 0.853622
80 9 1 0.581727 0.999321
