640 2554 324 193 271
193 38 1 1 0
271 287 1 1 0
1 55 1 0.334308 0.972275
1 548 1 0.428188 0.721290
1 42 1 0.007277 0.162976
1 485 1 0.230227 0.194275
2 128 1 0.481697 0.412010
2 517 1 0.324797 0.033220
2 565 1 0.122221 0.754387
2 425 1 0.071284 0.558568
3 348 1 0.919709 0.762653
3 590 1 0.010951 0.131479
3 60 1 0.006216 0.371426
3 323 1 0.063124 0.925981
4 636 1 0.353450 0.947386
4 338 1 0.073806 0.561009
4 493 1 0.362045 0.445927
4 442 1 0.210699 0.023593
5 575 1 0.225343 0.287846
5 533 1 0.179037 0.603871
5 153 1 0.166024 0.309816
5 117 1 0.429597 0.844420
6 241 1 0.135163 0.947468
6 142 1 0.048739 0.644881
6 333 1 0.302827 0.701250
6 342 1 0.513270 0.499056
7 9 1 0.840225 0.588644
7 77 1 0.025655 0.521994
7 587 1 0.047198 0.419483
7 470 1 0.086922 0.489712
8 618 1 0.779205 0.624107
8 442 1 0.045052 0.662761
8 118 1 0.131398 0.270742
8 490 1 0.044344 0.463635
9 168 1 0.100211 0.400468
9 616 1 0.700920 0.630538
9 335 1 0.058196 0.657049
9 296 1 0.140673 0.305425
10 311 1 0.736365 0.010252
10 260 1 0.078254 0.128585
10 538 1 0.061644 0.696920
10 19 1 0.123737 0.949338
11 28 1 0.240465 0.660261
11 597 1 0.267348 0.600437
11 159 1 0.182642 0.286489
11 482 1 0.309545 0.085103
12 114 1 0.523969 0.387719
12 102 1 0.185959 0.694661
12 49 1 0.205967 0.616665
12 363 1 0.084105 0.352238
13 254 1 0.471522 0.950454
13 623 1 0.068199 0.432593
13 603 1 0.256157 0.623713
13 396 1 0.204123 0.273169
14 316 1 0.007847 0.781862
14 123 1 0.311477 0.339877
14 222 1 0.014900 0.526520
14 392 1 0.665776 0.618151
15 527 1 0.193144 0.900577
15 52 1 0.134418 0.769262
15 370 1 0.418889 0.084175
15 330 1 0.253550 0.930200
16 169 1 0.514221 0.904603
16 39 1 0.156696 0.133323
16 315 1 0.269925 0.582983
16 602 1 0.059158 0.717237
17 373 1 0.825440 0.016001
17 428 1 0.125812 0.680375
17 273 1 0.042636 0.354550
17 451 1 0.006112 0.795534
18 145 1 0.662946 0.236005
18 109 1 0.268738 0.324771
18 478 1 0.022303 0.269569
18 102 1 0.046013 0.023772
19 268 1 0.780184 0.769463
19 138 1 0.153700 0.055922
19 33 1 0.050558 0.694830
19 97 1 0.015558 0.433354
20 240 1 0.103847 0.298146
20 539 1 0.850696 0.139870
20 277 1 0.019567 0.327364
20 493 1 0.025890 0.929333
21 522 1 0.929857 0.182592
21 240 1 0.002857 0.545874
21 67 1 0.018210 0.738083
21 16 1 0.049076 0.333973
22 363 1 0.594921 0.864527
22 288 1 0.302527 0.437029
22 407 1 0.089100 0.236839
22 250 1 0.013452 0.984337
23 340 1 0.442218 0.921871
23 594 1 0.192611 0.246717
23 397 1 0.055788 0.503856
23 326 1 0.309383 0.351198
24 632 1 0.027093 0.556645
24 530 1 0.878682 0.518959
24 289 1 0.053722 0.011719
24 184 1 0.040503 0.742688
25 318 1 0.156862 0.584548
25 379 1 0.078626 0.091737
25 452 1 0.423317 0.145211
25 462 1 0.341194 0.799347
26 488 1 0.331695 0.570272
26 108 1 0.414851 0.538141
26 382 1 0.129451 0.600125
26 573 1 0.124004 0.006401
27 246 1 0.885381 0.850778
27 232 1 0.004978 0.148383
27 487 1 0.073725 0.952595
27 485 1 0.035916 0.900511
28 588 1 0.052433 0.289650
28 125 1 0.507040 0.776117
28 156 1 0.173586 0.331777
28 288 1 0.266941 0.898576
29 182 1 0.483974 0.685696
29 223 1 0.424378 0.890828
29 303 1 0.065619 0.598106
29 362 1 0.026029 0.305330
30 510 1 0.115932 0.643299
30 527 1 0.038853 0.399951
30 430 1 0.071386 0.278659
30 28 1 0.773829 0.317873
31 482 1 0.993575 0.709319
31 187 1 0.002801 0.480610
31 354 1 0.002134 0.211852
31 292 1 0.001490 0.448585
32 534 1 0.613576 0.905456
32 460 1 0.056257 0.643560
32 293 1 0.068409 0.469418
32 31 1 0.261757 0.105052
33 17 1 0.411417 0.397241
33 105 1 0.476120 0.192130
33 310 1 0.000583 0.862538
33 322 1 0.111880 0.545812
34 213 1 0.983711 0.487185
34 509 1 0.003859 0.389203
34 255 1 0.002505 0.705774
34 276 1 0.009925 0.860671
35 102 1 0.702316 0.000775
35 560 1 0.181635 0.873189
35 121 1 0.018759 0.223921
35 507 1 0.097290 0.895748
36 45 1 0.026735 0.804739
36 94 1 0.533760 0.372851
36 156 1 0.435032 0.046637
36 226 1 0.004473 0.738547
37 316 1 0.704067 0.140323
37 458 1 0.269407 0.969793
37 588 1 0.014270 0.886710
37 5 1 0.012257 0.511386
38 346 1 0.357179 0.338588
38 196 1 0.543068 0.318590
38 489 1 0.094435 0.911557
38 6 1 0.005317 0.872440
39 200 1 0.540396 0.377320
39 21 1 0.303019 0.955233
39 115 1 0.040636 0.115047
39 95 1 0.115949 0.413872
40 480 1 0.484770 0.003375
40 408 1 0.155341 0.473275
40 125 1 0.169592 0.881114
40 315 1 0.190298 0.653750
41 330 1 0.062014 0.748763
41 434 1 0.888535 0.366387
41 636 1 0.039908 0.901075
41 542 1 0.009543 0.567138
42 122 1 0.938676 0.540875
42 252 1 0.026322 0.242320
42 635 1 0.004905 0.430168
42 223 1 0.030097 0.402435
43 629 1 0.848363 0.249227
43 573 1 0.013134 0.792732
43 90 1 0.020854 0.803912
43 34 1 0.117648 0.458229
44 28 1 0.757266 0.174177
44 63 1 0.157191 0.064686
44 77 1 0.015231 0.367221
44 343 1 0.070312 0.027875
45 521 1 0.789323 0.546462
45 482 1 0.075839 0.796640
45 165 1 0.032435 0.700805
45 38 1 0.102402 0.021424
46 15 1 0.354681 0.206491
46 507 1 0.427672 0.093534
46 238 1 0.192275 0.920442
46 35 1 0.025372 0.107834
47 621 1 0.526948 0.833411
47 332 1 0.075139 0.526478
47 333 1 0.281436 0.215654
47 389 1 0.116477 0.630694
48 274 1 0.851696 0.081952
48 8 1 0.128961 0.972008
48 537 1 0.002252 0.468120
48 525 1 0.017091 0.939245
49 4 1 0.323405 0.294334
49 439 1 0.087552 0.455751
49 7 1 0.134295 0.248517
49 73 1 0.454748 0.360658
50 435 1 0.906541 0.589134
50 47 1 0.066305 0.790380
50 62 1 0.017726 0.990767
50 368 1 0.009427 0.273140
51 594 1 0.533990 0.798956
51 552 1 0.436971 0.796361
51 213 1 0.027184 0.168261
51 17 1 0.001855 0.753036
52 629 1 0.485013 0.037495
52 374 1 0.267924 0.027592
52 355 1 0.202680 0.592718
52 289 1 0.044383 0.157282
53 538 1 0.621346 0.651732
53 217 1 0.296073 0.322801
53 327 1 0.028530 0.706403
53 370 1 0.054051 0.511515
54 84 1 0.941786 0.921396
54 382 1 0.011870 0.628998
54 223 1 0.045746 0.983545
54 66 1 0.000598 0.193408
55 531 1 0.839332 0.594406
55 555 1 0.067364 0.827020
55 272 1 0.017540 0.990473
55 165 1 0.075763 0.979909
56 380 1 0.635789 0.174953
56 169 1 0.086298 0.790026
56 507 1 0.079189 0.822431
56 201 1 0.198725 0.459545
57 426 1 0.910720 0.600142
57 332 1 0.001985 0.111850
57 274 1 0.030024 0.944497
57 39 1 0.057271 0.830023
58 196 1 0.370118 0.963901
58 153 1 0.613004 0.086087
58 224 1 0.004865 0.790866
58 607 1 0.012014 0.995177
59 523 1 0.162691 0.465557
59 437 1 0.210846 0.759485
59 624 1 0.215660 0.455361
59 330 1 0.410803 0.651137
60 171 1 0.260951 0.001730
60 157 1 0.201151 0.873215
60 618 1 0.050656 0.345282
60 526 1 0.487241 0.942517
61 374 1 0.023675 0.205088
61 123 1 0.772360 0.287056
61 257 1 0.077760 0.295868
61 275 1 0.126206 0.895097
62 504 1 0.903839 0.248749
62 479 1 0.062585 0.608109
62 340 1 0.023662 0.295757
62 395 1 0.009914 0.918796
63 212 1 0.743856 0.033391
63 430 1 0.155731 0.906653
63 377 1 0.074966 0.884280
63 591 1 0.025447 0.506794
64 598 1 0.014167 0.035863
64 63 1 0.022789 0.324437
64 152 1 0.195696 0.837744
64 202 1 0.767347 0.991770
65 394 1 0.321996 0.917661
65 243 1 0.210017 0.785260
65 240 1 0.280937 0.193904
65 407 1 0.187050 0.700859
66 214 1 0.290674 0.869528
66 282 1 0.571436 0.625235
66 375 1 0.125521 0.100580
66 97 1 0.012370 0.804511
67 79 1 0.713163 0.314696
67 177 1 0.226921 0.549460
67 244 1 0.000575 0.270770
67 333 1 0.059341 0.014902
68 222 1 0.238508 0.650456
68 592 1 0.509292 0.559293
68 524 1 0.237666 0.372957
68 345 1 0.014533 0.237179
69 27 1 0.322970 0.047133
69 160 1 0.515529 0.950941
69 505 1 0.131545 0.655239
69 317 1 0.029956 0.686011
70 422 1 0.624073 0.759299
70 534 1 0.202375 0.155788
70 107 1 0.138916 0.239663
70 616 1 0.034637 0.898119
71 485 1 0.065574 0.421400
71 66 1 0.237457 0.539477
71 39 1 0.078306 0.527238
71 455 1 0.618663 0.886456
72 85 1 0.294251 0.260200
72 250 1 0.596206 0.739496
72 515 1 0.055207 0.230885
72 325 1 0.054336 0.747153
73 18 1 0.116174 0.661790
73 89 1 0.811786 0.073435
73 606 1 0.062518 0.883706
73 210 1 0.009523 0.039644
74 3 1 0.741862 0.512436
74 502 1 0.115189 0.657022
74 386 1 0.015118 0.340060
74 246 1 0.127831 0.960326
75 568 1 0.016274 0.564153
75 79 1 0.078637 0.820946
75 286 1 0.073516 0.929874
75 338 1 0.831573 0.223002
76 421 1 0.496801 0.220051
76 448 1 0.458435 0.631749
76 365 1 0.021935 0.646317
76 580 1 0.022829 0.400280
77 474 1 0.304355 0.078692
77 48 1 0.368291 0.772519
77 257 1 0.317272 0.828771
77 74 1 0.010083 0.472293
78 400 1 0.677083 0.657094
78 364 1 0.278404 0.418832
78 51 1 0.042970 0.318020
78 63 1 0.001543 0.469152
79 247 1 0.049903 0.509023
79 546 1 0.582026 0.507449
79 517 1 0.047071 0.250767
79 331 1 0.321000 0.214994
80 614 1 0.006384 0.900445
80 211 1 0.104163 0.895070
80 473 1 0.007681 0.347845
80 449 1 0.881773 0.895228
81 117 1 0.919365 0.148330
81 257 1 0.048313 0.296534
81 19 1 0.015261 0.446126
81 120 1 0.017061 0.839838
82 119 1 0.755183 0.711064
82 404 1 0.241526 0.420692
82 183 1 0.000107 0.627371
82 504 1 0.003184 0.649903
83 300 1 0.289285 0.637666
83 286 1 0.463615 0.170132
83 21 1 0.029777 0.579377
83 81 1 0.217323 0.106853
84 94 1 0.774017 0.680520
84 203 1 0.224773 0.277900
84 478 1 0.000614 0.464259
84 386 1 0.000597 0.930506
85 68 1 0.990187 0.520082
85 96 1 0.003346 0.065979
85 459 1 0.005989 0.565845
85 467 1 0.000479 0.769909
86 277 1 0.460606 0.531540
86 327 1 0.523571 0.866787
86 530 1 0.006145 0.802053
86 523 1 0.009677 0.120312
87 234 1 0.831883 0.446231
87 225 1 0.043018 0.807838
87 32 1 0.061109 0.341319
87 208 1 0.063991 0.337282
88 435 1 0.678368 0.184663
88 323 1 0.017841 0.021240
88 17 1 0.061865 0.446043
88 552 1 0.241927 0.515655
89 579 1 0.267284 0.965214
89 492 1 0.217632 0.442033
89 489 1 0.160017 0.412560
89 516 1 0.355067 0.485590
90 256 1 0.925795 0.560074
90 489 1 0.000669 0.547107
90 198 1 0.021671 0.745485
90 373 1 0.051865 0.643768
91 136 1 0.160339 0.980611
91 218 1 0.293509 0.749035
91 454 1 0.493198 0.574214
91 47 1 0.052953 0.309727
92 420 1 0.769653 0.634480
92 110 1 0.089019 0.503099
92 432 1 0.068984 0.042178
92 306 1 0.072344 0.101982
93 205 1 0.394905 0.972930
93 252 1 0.368901 0.773773
93 133 1 0.114209 0.741991
93 299 1 0.121985 0.286140
94 578 1 0.214683 0.016635
94 23 1 0.388696 0.109204
94 639 1 0.372227 0.773852
94 629 1 0.024394 0.307966
95 248 1 0.984348 0.431608
95 32 1 0.013821 0.264763
95 15 1 0.001054 0.063952
95 500 1 0.000778 0.637370
96 354 1 0.394238 0.779369
96 488 1 0.338266 0.026803
96 230 1 0.146307 0.612504
96 111 1 0.121190 0.505527
97 340 1 0.858803 0.757255
97 79 1 0.085993 0.091809
97 626 1 0.001535 0.808607
97 413 1 0.053669 0.982969
98 386 1 0.229495 0.769311
98 3 1 0.350696 0.447795
98 147 1 0.174400 0.518515
98 521 1 0.245409 0.389841
99 220 1 0.139307 0.299299
99 418 1 0.271499 0.538146
99 385 1 0.064680 0.975090
99 458 1 0.524513 0.726074
100 527 1 0.567574 0.111959
100 178 1 0.178294 0.446844
100 124 1 0.126258 0.787982
100 550 1 0.127874 0.245285
101 247 1 0.584683 0.157483
101 256 1 0.094257 0.209113
101 209 1 0.221904 0.500419
101 3 1 0.099156 0.960990
102 97 1 0.305820 0.609788
102 209 1 0.325864 0.874534
102 632 1 0.152944 0.553899
102 162 1 0.215371 0.493136
103 58 1 0.334193 0.525046
103 7 1 0.597141 0.665704
103 479 1 0.015140 0.370344
103 229 1 0.053526 0.739365
104 495 1 0.538149 0.219116
104 70 1 0.218351 0.095919
104 339 1 0.115883 0.004819
104 13 1 0.127618 0.972858
105 148 1 0.064524 0.537760
105 144 1 0.884670 0.487737
105 426 1 0.036791 0.434323
105 533 1 0.014015 0.474468
106 146 1 0.503116 0.525064
106 572 1 0.434403 0.097991
106 232 1 0.013347 0.844011
106 183 1 0.049135 0.825887
107 168 1 0.521839 0.121128
107 617 1 0.233500 0.433664
107 1 1 0.032150 0.046188
107 55 1 0.212511 0.568459
108 612 1 0.724862 0.003903
108 581 1 0.083066 0.121474
108 422 1 0.134073 0.973410
108 219 1 0.057999 0.453435
109 16 1 0.772876 0.347977
109 631 1 0.080043 0.557984
109 221 1 0.139325 0.500318
109 112 1 0.007756 0.714689
110 18 1 0.988904 0.790830
110 31 1 0.005519 0.897135
110 91 1 0.001861 0.759396
110 75 1 0.003716 0.019064
111 495 1 0.515961 0.088702
111 569 1 0.027964 0.541629
111 303 1 0.261130 0.999264
111 168 1 0.194945 0.175909
112 638 1 0.048995 0.893458
112 459 1 0.644258 0.693704
112 180 1 0.036952 0.384365
112 604 1 0.269795 0.778090
113 602 1 0.587173 0.058307
113 605 1 0.089913 0.019449
113 315 1 0.282264 0.386993
113 108 1 0.040650 0.346624
114 355 1 0.691770 0.529519
114 547 1 0.062019 0.481057
114 291 1 0.092563 0.397656
114 522 1 0.153648 0.564054
115 342 1 0.174473 0.790508
115 109 1 0.777574 0.827603
115 395 1 0.046654 0.413205
115 132 1 0.001299 0.647877
116 51 1 0.277612 0.575875
116 177 1 0.015503 0.954748
116 350 1 0.462072 0.189004
116 66 1 0.244814 0.377652
117 625 1 0.696727 0.872356
117 388 1 0.125079 0.162295
117 634 1 0.020423 0.055245
117 3 1 0.157772 0.985308
118 419 1 0.053475 0.076202
118 85 1 0.379062 0.596454
118 534 1 0.083090 0.971050
118 92 1 0.484373 0.828549
119 471 1 0.883636 0.998170
119 197 1 0.007502 0.889075
119 259 1 0.001926 0.195610
119 470 1 0.106935 0.650912
120 17 1 0.958105 0.563904
120 438 1 0.001919 0.517203
120 252 1 0.011635 0.813990
120 436 1 0.028342 0.289911
121 222 1 0.684621 0.316373
121 566 1 0.219914 0.223762
121 544 1 0.040135 0.714806
121 576 1 0.055329 0.103319
122 291 1 0.706365 0.594986
122 13 1 0.291728 0.461494
122 277 1 0.000324 0.099063
122 632 1 0.001583 0.717313
123 121 1 0.038876 0.267550
123 489 1 0.183506 0.617706
123 124 1 0.159796 0.716000
123 628 1 0.617823 0.161474
124 483 1 0.387358 0.444403
124 291 1 0.335068 0.498058
124 54 1 0.275195 0.625680
124 469 1 0.002380 0.816590
125 40 1 0.118547 0.746002
125 505 1 0.063391 0.567686
125 289 1 0.450722 0.930800
125 276 1 0.367340 0.814210
126 589 1 0.671926 0.374409
126 184 1 0.155792 0.771956
126 367 1 0.050703 0.094448
126 421 1 0.121580 0.316591
127 198 1 0.845106 0.564996
127 625 1 0.137361 0.311340
127 69 1 0.010722 0.480200
127 214 1 0.006810 0.058175
128 241 1 0.455714 0.469570
128 320 1 0.509764 0.022537
128 11 1 0.000461 0.475660
128 462 1 0.034061 0.317291
129 246 1 0.892302 0.769761
129 372 1 0.094249 0.473037
129 217 1 0.005428 0.398551
129 537 1 0.008021 0.255524
130 384 1 0.580901 0.059743
130 311 1 0.328254 0.625903
130 347 1 0.042045 0.672334
130 322 1 0.048800 0.579964
131 160 1 0.441646 0.559975
131 289 1 0.265774 0.499515
131 311 1 0.268198 0.782787
131 3 1 0.024382 0.671236
132 397 1 0.954926 0.225412
132 182 1 0.030843 0.066472
132 289 1 0.000617 0.576827
132 254 1 0.013614 0.932402
133 48 1 0.494317 0.727527
133 578 1 0.285134 0.770190
133 529 1 0.184682 0.505926
133 454 1 0.035867 0.271411
134 579 1 0.696613 0.181324
134 74 1 0.104065 0.840873
134 53 1 0.086005 0.603964
134 137 1 0.113316 0.026506
135 516 1 0.851617 0.566063
135 578 1 0.111671 0.110504
135 169 1 0.029627 0.246629
135 575 1 0.007086 0.904030
136 258 1 0.978893 0.092199
136 636 1 0.018972 0.056323
136 397 1 0.001873 0.719890
136 322 1 0.000262 0.290437
137 186 1 0.342547 0.109172
137 431 1 0.611911 0.977453
137 37 1 0.006679 0.860330
137 387 1 0.038862 0.344167
138 102 1 0.881210 0.480533
138 201 1 0.001454 0.476790
138 69 1 0.050195 0.998377
138 79 1 0.067141 0.643469
139 307 1 0.196114 0.749425
139 197 1 0.584699 0.859202
139 539 1 0.137316 0.521001
139 65 1 0.081871 0.292905
140 197 1 0.416464 0.517853
140 188 1 0.127792 0.243818
140 318 1 0.131521 0.592338
140 244 1 0.324223 0.494930
141 583 1 0.103026 0.279390
141 26 1 0.453836 0.283105
141 515 1 0.378919 0.945164
141 522 1 0.064219 0.725472
142 556 1 0.215492 0.479155
142 386 1 0.524504 0.888092
142 477 1 0.026230 0.426203
142 433 1 0.233774 0.912236
143 324 1 0.329920 0.523272
143 463 1 0.212416 0.639389
143 368 1 0.073879 0.206370
143 582 1 0.383785 0.172989
144 459 1 0.700128 0.178873
144 582 1 0.013075 0.289749
144 82 1 0.150969 0.059550
144 5 1 0.135828 0.176694
145 374 1 0.299497 0.142240
145 118 1 0.270412 0.706007
145 391 1 0.193467 0.166599
145 293 1 0.236624 0.090688
146 136 1 0.324529 0.405308
146 277 1 0.511488 0.007362
146 190 1 0.123335 0.345260
146 443 1 0.040648 0.184204
147 474 1 0.591092 0.091986
147 89 1 0.265097 0.289373
147 507 1 0.127234 0.730757
147 31 1 0.016577 0.078655
148 94 1 0.625858 0.103042
148 3 1 0.002528 0.160103
148 92 1 0.034386 0.190263
148 38 1 0.337229 0.133136
149 28 1 0.794688 0.477315
149 424 1 0.043150 0.120338
149 377 1 0.111126 0.599250
149 584 1 0.051036 0.273347
150 170 1 0.020319 0.113458
150 32 1 0.720785 0.537347
150 195 1 0.157110 0.038704
150 494 1 0.101786 0.763419
151 494 1 0.502813 0.584305
151 380 1 0.144198 0.089684
151 254 1 0.013079 0.231906
151 131 1 0.339909 0.848729
152 322 1 0.638736 0.782976
152 335 1 0.346971 0.687398
152 592 1 0.007073 0.613080
152 513 1 0.007219 0.291717
153 270 1 0.821675 0.162814
153 161 1 0.079365 0.406007
153 624 1 0.090774 0.119081
153 223 1 0.008186 0.782480
154 438 1 0.679697 0.265310
154 174 1 0.144966 0.908145
154 26 1 0.095306 0.413178
154 90 1 0.080031 0.639843
155 80 1 0.882854 0.355386
155 350 1 0.009522 0.091661
155 577 1 0.072167 0.146006
155 173 1 0.035457 0.463412
156 171 1 0.927614 0.228802
156 486 1 0.059648 0.805375
156 28 1 0.012130 0.013190
156 198 1 0.000609 0.065147
157 270 1 0.458454 0.894413
157 405 1 0.055000 0.171857
157 599 1 0.077746 0.438946
157 440 1 0.408800 0.350937
158 254 1 0.744826 0.186511
158 611 1 0.165764 0.196193
158 112 1 0.088088 0.690754
158 109 1 0.001322 0.244540
159 351 1 0.868975 0.796690
159 365 1 0.020676 0.003349
159 57 1 0.006785 0.308051
159 491 1 0.103564 0.816346
160 517 1 0.947213 0.385661
160 10 1 0.031962 0.942524
160 364 1 0.000879 0.151275
160 604 1 0.019946 0.092500
161 170 1 0.497504 0.837097
161 166 1 0.291403 0.185524
161 187 1 0.096321 0.490688
161 425 1 0.114772 0.592261
162 339 1 0.995422 0.609407
162 31 1 0.004209 0.004053
162 514 1 0.000005 0.032421
162 418 1 0.000364 0.830257
163 198 1 0.473077 0.235174
163 269 1 0.049346 0.021370
163 409 1 0.146385 0.226283
163 368 1 0.331192 0.864344
164 115 1 0.223525 0.704419
164 436 1 0.520217 0.992875
164 384 1 0.001981 0.263858
164 203 1 0.254278 0.849456
165 201 1 0.718461 0.131015
165 161 1 0.030723 0.227124
165 460 1 0.177884 0.650299
165 273 1 0.072932 0.493586
166 133 1 0.263145 0.792028
166 571 1 0.395906 0.849516
166 381 1 0.026583 0.253103
166 301 1 0.314367 0.095248
167 114 1 0.970951 0.834723
167 255 1 0.000150 0.641379
167 152 1 0.000247 0.098841
167 448 1 0.028653 0.233932
168 264 1 0.477936 0.129211
168 334 1 0.520462 0.332346
168 230 1 0.000676 0.505682
168 434 1 0.000926 0.718270
169 499 1 0.087529 0.372600
169 234 1 0.708102 0.684291
169 37 1 0.177900 0.423497
169 17 1 0.026468 0.296197
170 264 1 0.308916 0.769769
170 551 1 0.629590 0.258423
170 252 1 0.060612 0.009202
170 462 1 0.000883 0.940083
171 637 1 0.419426 0.688500
171 21 1 0.073766 0.048192
171 8 1 0.437049 0.978889
171 113 1 0.069758 0.044480
172 457 1 0.278302 0.925865
172 391 1 0.560634 0.771415
172 315 1 0.040101 0.924720
172 475 1 0.120962 0.296275
173 552 1 0.471268 0.363804
173 592 1 0.415951 0.041778
173 108 1 0.080276 0.848337
173 45 1 0.032505 0.354644
174 523 1 0.248761 0.363568
174 306 1 0.218596 0.538018
174 345 1 0.229994 0.341216
174 454 1 0.302649 0.458342
175 561 1 0.750994 0.927522
175 315 1 0.123763 0.456299
175 262 1 0.026402 0.591473
175 3 1 0.098840 0.929837
176 9 1 0.585588 0.123857
176 309 1 0.372459 0.322376
176 254 1 0.036003 0.021974
176 325 1 0.005950 0.800405
177 542 1 0.565353 0.082349
177 291 1 0.025265 0.333966
177 341 1 0.194501 0.543963
177 624 1 0.214880 0.747244
178 202 1 0.531706 0.940449
178 593 1 0.434171 0.523858
178 264 1 0.029046 0.010906
178 199 1 0.005077 0.876583
179 431 1 0.259324 0.553235
179 129 1 0.191752 0.240413
179 66 1 0.492706 0.395071
179 23 1 0.056218 0.721253
180 261 1 0.382364 0.843868
180 541 1 0.113866 0.746721
180 574 1 0.202647 0.165385
180 213 1 0.301124 0.607780
181 466 1 0.765132 0.989691
181 436 1 0.046823 0.323057
181 553 1 0.080572 0.885760
181 590 1 0.107473 0.665520
182 598 1 0.920893 0.954864
182 367 1 0.030258 0.408264
182 329 1 0.002830 0.087084
182 273 1 0.046019 0.398252
183 446 1 0.801794 0.391059
183 331 1 0.127333 0.550281
183 99 1 0.057282 0.702608
183 115 1 0.013591 0.128312
184 585 1 0.996503 0.579786
184 424 1 0.001584 0.297726
184 18 1 0.001552 0.791571
184 236 1 0.000361 0.501927
185 582 1 0.075555 0.600669
185 2 1 0.892911 0.346685
185 255 1 0.023608 0.184166
185 353 1 0.007925 0.069670
186 265 1 0.088381 0.779455
186 145 1 0.012155 0.869650
186 353 1 0.625341 0.257626
186 400 1 0.274123 0.924756
187 210 1 0.820595 0.224686
187 375 1 0.145808 0.011595
187 478 1 0.008857 0.819146
187 568 1 0.024740 0.820021
188 127 1 0.344080 0.876579
188 52 1 0.029763 0.515020
188 213 1 0.541026 0.395824
188 380 1 0.085131 0.344752
189 422 1 0.674091 0.500502
189 163 1 0.087778 0.114029
189 339 1 0.067302 0.228800
189 150 1 0.170829 0.225331
190 491 1 0.342090 0.005411
190 429 1 0.056532 0.950444
190 595 1 0.238111 0.322170
190 182 1 0.363267 0.770793
191 346 1 0.368244 0.592831
191 528 1 0.065489 0.872092
191 584 1 0.217418 0.094542
191 587 1 0.348849 0.917911
192 363 1 0.251847 0.390166
192 180 1 0.620400 0.803778
192 529 1 0.099886 0.656344
192 364 1 0.027867 0.402416
194 434 1 0.590012 0.987355
194 243 1 0.395218 0.082096
194 446 1 0.011409 0.522712
194 523 1 0.003361 0.808500
195 205 1 0.022764 0.337332
195 159 1 0.963027 0.586019
195 283 1 0.005625 0.606332
195 232 1 0.008585 0.356643
196 352 1 0.171337 0.047281
196 578 1 0.291808 0.182169
196 161 1 0.444188 0.733114
196 478 1 0.092667 0.410742
197 447 1 0.461989 0.877121
197 373 1 0.279223 0.408055
197 219 1 0.151604 0.532722
197 230 1 0.107185 0.753765
198 353 1 0.891666 0.703085
198 375 1 0.097989 0.105355
198 379 1 0.009287 0.243209
198 22 1 0.001058 0.534886
199 621 1 0.066120 0.653285
199 152 1 0.329060 0.557184
199 203 1 0.509677 0.804891
199 327 1 0.095143 0.815718
200 497 1 0.085633 0.866174
200 148 1 0.029817 0.047445
200 274 1 0.850457 0.568163
200 220 1 0.034093 0.479560
201 145 1 0.852103 0.242887
201 621 1 0.024051 0.503576
201 583 1 0.101986 0.579963
201 397 1 0.021859 0.229214
202 224 1 0.168107 0.427729
202 207 1 0.330557 0.428835
202 280 1 0.045634 0.019792
202 428 1 0.455702 0.503109
203 366 1 0.000571 0.812203
203 380 1 0.398841 0.742359
203 20 1 0.091285 0.720016
203 78 1 0.509302 0.319080
204 318 1 0.523539 0.957213
204 637 1 0.175182 0.273198
204 373 1 0.279749 0.155977
204 126 1 0.021530 0.300691
205 188 1 0.316220 0.713931
205 409 1 0.593860 0.553411
205 355 1 0.016834 0.468879
205 358 1 0.073086 0.486472
206 601 1 0.068434 0.459302
206 551 1 0.224456 0.792415
206 379 1 0.157505 0.664561
206 583 1 0.549606 0.038422
207 520 1 0.680223 0.385476
207 582 1 0.011832 0.935487
207 88 1 0.270921 0.872536
207 378 1 0.037024 0.358282
208 547 1 0.953738 0.569645
208 180 1 0.044116 0.946212
208 597 1 0.000494 0.820125
208 52 1 0.001652 0.411677
209 161 1 0.559828 0.717760
209 359 1 0.085075 0.399364
209 266 1 0.199866 0.781668
209 202 1 0.155231 0.194242
210 565 1 0.190590 0.336382
210 545 1 0.027757 0.850288
210 447 1 0.699777 0.344799
210 109 1 0.081875 0.979529
211 285 1 0.925756 0.743242
211 284 1 0.065000 0.441259
211 4 1 0.005963 0.014086
211 603 1 0.003281 0.009673
212 100 1 0.275023 0.636128
212 377 1 0.684997 0.533577
212 546 1 0.020205 0.052679
212 287 1 0.019775 0.662197
213 146 1 0.758524 0.288376
213 261 1 0.042155 0.088059
213 6 1 0.130012 0.934768
213 108 1 0.069308 0.380340
214 629 1 0.586778 0.782757
214 202 1 0.403020 0.357164
214 508 1 0.003836 0.584094
214 509 1 0.006367 0.886359
215 144 1 0.647446 0.731113
215 413 1 0.269607 0.418787
215 247 1 0.054838 0.825721
215 508 1 0.028110 0.759094
216 592 1 0.322404 0.540608
216 205 1 0.233344 0.657610
216 378 1 0.093533 0.553480
216 570 1 0.350719 0.806176
217 563 1 0.717437 0.089108
217 4 1 0.203009 0.975675
217 132 1 0.013885 0.480961
217 306 1 0.065670 0.830903
218 549 1 0.202700 0.623046
218 396 1 0.055607 0.520047
218 415 1 0.357429 0.822573
218 12 1 0.384264 0.017870
219 41 1 0.906158 0.035066
219 418 1 0.083697 0.367783
219 614 1 0.000390 0.474246
219 140 1 0.009755 0.072750
220 155 1 0.671388 0.072594
220 520 1 0.121277 0.642571
220 244 1 0.187140 0.497284
220 119 1 0.020195 0.743792
221 598 1 0.829497 0.088322
221 67 1 0.027166 0.215570
221 44 1 0.085842 0.485305
221 587 1 0.057496 0.431827
222 269 1 0.009130 0.296701
222 369 1 0.451895 0.663682
222 457 1 0.019532 0.814709
222 230 1 0.519442 0.826648
223 142 1 0.451701 0.669794
223 521 1 0.210883 0.421056
223 556 1 0.269382 0.517456
223 95 1 0.068035 0.690069
224 86 1 0.049013 0.714242
224 294 1 0.723172 0.869548
224 482 1 0.033498 0.464954
224 466 1 0.194317 0.726436
225 115 1 0.017394 0.969425
225 432 1 0.684127 0.146599
225 133 1 0.092385 0.657555
225 481 1 0.206093 0.717923
226 188 1 0.322741 0.729232
226 365 1 0.173443 0.910523
226 493 1 0.198987 0.235711
226 46 1 0.304830 0.426370
227 143 1 0.975843 0.437202
227 467 1 0.023966 0.544338
227 3 1 0.000175 0.252884
227 116 1 0.000016 0.648423
228 166 1 0.394504 0.225911
228 247 1 0.417073 0.554773
228 52 1 0.104884 0.232924
228 581 1 0.083539 0.150846
229 131 1 0.073942 0.089800
229 95 1 0.340340 0.996124
229 529 1 0.144644 0.844691
229 217 1 0.441074 0.404291
230 463 1 0.161974 0.800567
230 164 1 0.173225 0.368258
230 447 1 0.504550 0.543866
230 604 1 0.160252 0.499685
231 45 1 0.507621 0.137000
231 181 1 0.191601 0.972300
231 516 1 0.109322 0.407100
231 588 1 0.191456 0.436451
232 474 1 0.051777 0.304324
232 359 1 0.403892 0.744912
232 406 1 0.247481 0.395046
232 151 1 0.296850 0.457389
233 182 1 0.806825 0.033590
233 248 1 0.122326 0.484343
233 156 1 0.035080 0.079783
233 546 1 0.035769 0.908010
234 101 1 0.679610 0.748341
234 202 1 0.160846 0.383946
234 507 1 0.052424 0.179723
234 385 1 0.107120 0.798431
235 204 1 0.520262 0.181958
235 622 1 0.335757 0.713728
235 368 1 0.136081 0.336905
235 268 1 0.007900 0.097115
236 34 1 0.746888 0.376395
236 310 1 0.159662 0.361625
236 217 1 0.034627 0.043219
236 585 1 0.058823 0.202414
237 17 1 0.050870 0.970490
237 433 1 0.390756 0.150236
237 226 1 0.534615 0.050621
237 180 1 0.023759 0.582010
238 58 1 0.363600 0.174537
238 190 1 0.612576 0.497219
238 42 1 0.013175 0.995739
238 524 1 0.010649 0.001003
239 447 1 0.429270 0.260498
239 529 1 0.013998 0.347194
239 61 1 0.113274 0.817972
239 40 1 0.443458 0.733277
240 296 1 0.912649 0.833778
240 29 1 0.086740 0.631098
240 221 1 0.000012 0.231501
240 543 1 0.000599 0.567677
241 184 1 0.524143 0.608619
241 585 1 0.241297 0.537090
241 4 1 0.086080 0.009171
241 203 1 0.148480 0.263718
242 452 1 0.078279 0.831404
242 206 1 0.876069 0.315619
242 225 1 0.024120 0.452895
242 434 1 0.021531 0.331966
243 574 1 0.750410 0.660868
243 492 1 0.077716 0.534711
243 285 1 0.094805 0.763505
243 244 1 0.077068 0.961913
244 526 1 0.444358 0.274670
244 48 1 0.350448 0.643852
244 260 1 0.082603 0.897694
244 320 1 0.122591 0.489233
245 273 1 0.452624 0.051064
245 257 1 0.022514 0.106771
245 195 1 0.354800 0.415953
245 462 1 0.170063 0.181048
246 116 1 0.861771 0.280653
246 433 1 0.137255 0.655299
246 164 1 0.000187 0.372453
246 563 1 0.000787 0.570601
247 322 1 0.641635 0.291876
247 224 1 0.261501 0.095008
247 420 1 0.048956 0.162234
247 435 1 0.047908 0.147707
248 252 1 0.573156 0.350070
248 458 1 0.305665 0.594284
248 338 1 0.078362 0.870531
248 254 1 0.042817 0.218643
249 403 1 0.463840 0.803104
249 159 1 0.133299 0.430353
249 456 1 0.220850 0.079283
249 215 1 0.182011 0.206270
250 365 1 0.340684 0.573534
250 41 1 0.535639 0.322303
250 466 1 0.070284 0.903099
250 117 1 0.053392 0.019351
251 351 1 0.131062 0.001011
251 568 1 0.672679 0.347891
251 360 1 0.055899 0.132796
251 237 1 0.140359 0.955841
252 615 1 0.832639 0.274314
252 437 1 0.029726 0.715119
252 374 1 0.049235 0.282946
252 248 1 0.088400 0.598342
253 511 1 0.183748 0.079181
253 569 1 0.706511 0.629280
253 528 1 0.076983 0.293245
253 444 1 0.032757 0.627052
254 180 1 0.689731 0.362181
254 52 1 0.282531 0.670513
254 367 1 0.019340 0.550637
254 501 1 0.008398 0.525530
255 94 1 0.994216 0.784995
255 604 1 0.000694 0.693734
255 115 1 0.002572 0.412556
255 163 1 0.002518 0.382032
256 423 1 0.777987 0.228478
256 452 1 0.037252 0.617751
256 416 1 0.168666 0.235261
256 186 1 0.016095 0.907202
257 429 1 0.648943 0.915473
257 51 1 0.059437 0.095838
257 219 1 0.222674 0.693542
257 611 1 0.068946 0.738240
258 91 1 0.522456 0.554341
258 45 1 0.291502 0.867106
258 88 1 0.137104 0.205567
258 441 1 0.048938 0.442914
259 431 1 0.218341 0.076115
259 447 1 0.694370 0.546949
259 496 1 0.026248 0.291061
259 406 1 0.061041 0.533918
260 62 1 0.527201 0.522664
260 230 1 0.290249 0.673716
260 15 1 0.052251 0.067279
260 572 1 0.130299 0.730630
261 159 1 0.571770 0.232885
261 360 1 0.026821 0.531499
261 194 1 0.170350 0.415241
261 156 1 0.231059 0.508104
262 411 1 0.141355 0.172276
262 561 1 0.646343 0.519542
262 475 1 0.033845 0.001399
262 322 1 0.178456 0.642458
263 343 1 0.247725 0.277032
263 589 1 0.008137 0.643852
263 485 1 0.581179 0.494910
263 126 1 0.162958 0.267208
264 219 1 0.665517 0.887047
264 79 1 0.322006 0.797350
264 130 1 0.010917 0.509509
264 8 1 0.001561 0.266730
265 129 1 0.685308 0.866810
265 348 1 0.014358 0.563980
265 618 1 0.130870 0.773440
265 38 1 0.169465 0.282701
266 210 1 0.417528 0.033128
266 66 1 0.415372 0.735683
266 296 1 0.066343 0.557929
266 1 1 0.100757 0.081248
267 330 1 0.798144 0.669102
267 152 1 0.193649 0.366957
267 225 1 0.000285 0.859256
267 391 1 0.007922 0.772177
268 382 1 0.973497 0.539307
268 57 1 0.020921 0.025591
268 141 1 0.002765 0.413538
268 358 1 0.002817 0.060116
269 416 1 0.873335 0.887193
269 335 1 0.055661 0.556583
269 514 1 0.016655 0.638954
269 5 1 0.054349 0.947226
270 74 1 0.506423 0.607526
270 349 1 0.035191 0.602313
270 327 1 0.104266 0.864559
270 234 1 0.354121 0.372076
272 116 1 0.966183 0.574933
272 629 1 0.006860 0.347357
272 360 1 0.025839 0.452237
272 334 1 0.001118 0.327991
273 68 1 0.247691 0.446176
273 307 1 0.648049 0.239075
273 342 1 0.032806 0.951970
273 15 1 0.071454 0.538164
274 15 1 0.771456 0.644886
274 138 1 0.168630 0.013039
274 52 1 0.009586 0.278001
274 42 1 0.050328 0.567884
275 204 1 0.169627 0.535184
275 347 1 0.596841 0.947339
275 500 1 0.107044 0.154761
275 351 1 0.126489 0.597520
276 317 1 0.437125 0.932508
276 85 1 0.471439 0.383626
276 560 1 0.069087 0.109027
276 59 1 0.022350 0.023091
277 598 1 0.622524 0.449634
277 518 1 0.185207 0.047622
277 234 1 0.059791 0.797575
277 374 1 0.132478 0.215571
278 31 1 0.226523 0.699403
278 565 1 0.362512 0.207913
278 378 1 0.161543 0.096841
278 561 1 0.249422 0.695235
279 92 1 0.433168 0.836358
279 65 1 0.531404 0.819909
279 156 1 0.031117 0.331766
279 207 1 0.004311 0.610540
280 511 1 0.509932 0.309537
280 515 1 0.450445 0.872255
280 359 1 0.010993 0.660512
280 579 1 0.028630 0.032469
281 182 1 0.404239 0.503385
281 61 1 0.447445 0.768423
281 411 1 0.098053 0.777702
281 14 1 0.050263 0.326268
282 16 1 0.783113 0.059111
282 462 1 0.028788 0.375965
282 512 1 0.122364 0.500459
282 37 1 0.065735 0.145309
283 626 1 0.824531 0.266982
283 372 1 0.129305 0.278365
283 388 1 0.043266 0.924534
283 303 1 0.002898 0.556252
284 274 1 0.657507 0.555724
284 308 1 0.165121 0.951847
284 179 1 0.029645 0.870175
284 232 1 0.147728 0.255008
285 4 1 0.495265 0.423521
285 231 1 0.376208 0.861117
285 423 1 0.097079 0.959463
285 35 1 0.031447 0.572365
286 156 1 0.618607 0.833427
286 162 1 0.169722 0.691409
286 595 1 0.073739 0.828213
286 66 1 0.137931 0.995353
287 44 1 0.602477 0.823685
287 111 1 0.027634 0.055059
287 90 1 0.118126 0.169315
287 555 1 0.251763 0.053054
288 443 1 0.944546 0.535876
288 448 1 0.010172 0.134115
288 312 1 0.015027 0.592149
288 624 1 0.030255 0.233988
289 326 1 0.808397 0.964697
289 83 1 0.013365 0.050775
289 455 1 0.054788 0.374372
289 342 1 0.123450 0.059159
290 362 1 0.329713 0.049058
290 328 1 0.461806 0.158915
290 378 1 0.012375 0.569548
290 166 1 0.196106 0.205053
291 517 1 0.394249 0.920708
291 583 1 0.455584 0.180266
291 469 1 0.009124 0.942591
291 609 1 0.141043 0.275628
292 69 1 0.269004 0.372322
292 465 1 0.641887 0.667371
292 19 1 0.024699 0.781471
292 73 1 0.064409 0.566259
293 56 1 0.650444 0.666502
293 442 1 0.144184 0.661936
293 107 1 0.107137 0.227118
293 30 1 0.098236 0.963249
294 421 1 0.736763 0.218793
294 519 1 0.073321 0.061214
294 95 1 0.180307 0.024028
294 464 1 0.009609 0.719604
295 630 1 0.803380 0.092207
295 2 1 0.165163 0.162096
295 197 1 0.026070 0.149116
295 433 1 0.005388 0.178484
296 450 1 0.464240 0.023997
296 508 1 0.171486 0.788515
296 236 1 0.254501 0.761577
296 593 1 0.109773 0.191020
297 408 1 0.657387 0.879892
297 51 1 0.133762 0.358215
297 113 1 0.128603 0.815536
297 587 1 0.080248 0.104887
298 378 1 0.702760 0.091866
298 491 1 0.019525 0.237982
298 114 1 0.076561 0.257485
298 74 1 0.201153 0.897934
299 252 1 0.699649 0.311720
299 400 1 0.195946 0.162585
299 43 1 0.082760 0.201732
299 321 1 0.021645 0.622204
300 225 1 0.078360 0.770327
300 61 1 0.743305 0.223327
300 393 1 0.159205 0.715605
300 281 1 0.019129 0.352436
301 502 1 0.340659 0.193961
301 317 1 0.375401 0.288181
301 310 1 0.228016 0.940143
301 283 1 0.055924 0.637962
302 196 1 0.510937 0.551593
302 222 1 0.396982 0.897346
302 565 1 0.030907 0.134533
302 4 1 0.061174 0.186452
303 223 1 0.389178 0.750866
303 122 1 0.340731 0.670480
303 437 1 0.015024 0.759835
303 490 1 0.255067 0.255354
304 448 1 0.700484 0.405832
304 490 1 0.111160 0.476680
304 444 1 0.135408 0.657202
304 34 1 0.052949 0.765040
305 540 1 0.792606 0.050069
305 374 1 0.140625 0.481075
305 621 1 0.005022 0.931568
305 97 1 0.061747 0.022417
306 225 1 0.387262 0.648615
306 552 1 0.170248 0.529457
306 170 1 0.115701 0.206012
306 295 1 0.326789 0.196756
307 312 1 0.061298 0.081702
307 30 1 0.214604 0.896631
307 615 1 0.065185 0.206005
307 354 1 0.658913 0.799350
308 90 1 0.333830 0.190605
308 186 1 0.243314 0.302597
308 634 1 0.350832 0.509875
308 410 1 0.072025 0.026796
309 320 1 0.726884 0.678999
309 122 1 0.101547 0.146457
309 510 1 0.003432 0.090422
309 515 1 0.168138 0.380595
310 343 1 0.660716 0.349056
310 253 1 0.125584 0.293476
310 337 1 0.115615 0.652157
310 384 1 0.098085 0.647120
311 591 1 0.959996 0.183849
311 234 1 0.004488 0.557026
311 1 1 0.007471 0.197599
311 441 1 0.028045 0.958358
312 495 1 0.537639 0.497402
312 34 1 0.230371 0.518840
312 341 1 0.126889 0.503086
312 230 1 0.105101 0.338256
313 472 1 0.082648 0.979153
313 255 1 0.109030 0.529535
313 272 1 0.181858 0.189119
313 202 1 0.626464 0.133864
314 242 1 0.908131 0.642315
314 566 1 0.054251 0.782304
314 513 1 0.028554 0.667658
314 359 1 0.009064 0.762719
315 228 1 0.821130 0.437136
315 179 1 0.075705 0.645033
315 544 1 0.102944 0.745078
315 40 1 0.000222 0.813628
316 588 1 0.195960 0.637176
316 224 1 0.672928 0.470509
316 162 1 0.125948 0.954314
316 276 1 0.005164 0.095873
317 557 1 0.250422 0.258296
317 322 1 0.378276 0.169647
317 347 1 0.285525 0.191051
317 72 1 0.085777 0.730124
318 66 1 0.888972 0.960081
318 539 1 0.093854 0.590541
318 23 1 0.006578 0.024330
318 118 1 0.010597 0.909000
319 539 1 0.717930 0.393819
319 463 1 0.046843 0.320353
319 612 1 0.047511 0.120339
319 390 1 0.187716 0.967899
320 621 1 0.888174 0.604657
320 20 1 0.036138 0.668545
320 41 1 0.003368 0.934520
320 237 1 0.072321 0.772150
321 110 1 0.340975 0.290645
321 242 1 0.415494 0.517188
321 478 1 0.158777 0.312393
321 36 1 0.084754 0.652778
322 573 1 0.104955 0.801092
322 110 1 0.061823 0.432035
322 213 1 0.552462 0.494469
322 618 1 0.280760 0.629390
323 106 1 0.288410 0.395927
323 574 1 0.157944 0.184344
323 18 1 0.258795 0.048020
323 511 1 0.294852 0.479737
324 616 1 0.216308 0.000000
324 636 1 0.185067 0.000000
324 147 1 0.123969 0.000000
324 533 1 0.474657 0.000000
325 319 1 0.254387 0.322036
325 493 1 0.710576 0.912891
325 422 1 0.026125 0.169150
325 384 1 0.008913 0.108735
326 392 1 0.918369 0.727918
326 444 1 0.000803 0.837873
326 501 1 0.032925 0.957287
326 109 1 0.047903 0.050880
327 267 1 0.554505 0.346170
327 292 1 0.232135 0.319225
327 317 1 0.053757 0.528461
327 66 1 0.159603 0.592640
328 311 1 0.371272 0.476475
328 357 1 0.353090 0.235976
328 302 1 0.052223 0.441762
328 420 1 0.223415 0.445631
329 598 1 0.160067 0.142888
329 274 1 0.211858 0.463841
329 349 1 0.021763 0.497059
329 525 1 0.606312 0.065211
330 486 1 0.531150 0.961172
330 327 1 0.324276 0.802102
330 630 1 0.028891 0.053182
330 238 1 0.115683 0.765866
331 345 1 0.462594 0.538573
331 501 1 0.338421 0.020513
331 214 1 0.015089 0.005452
331 159 1 0.183896 0.617619
332 465 1 0.761163 0.642210
332 564 1 0.084153 0.704336
332 477 1 0.080264 0.580645
332 137 1 0.074420 0.890382
333 346 1 0.122345 0.049224
333 222 1 0.675948 0.001590
333 528 1 0.023272 0.596787
333 150 1 0.178435 0.018591
334 540 1 0.101913 0.026635
334 455 1 0.297093 0.016057
334 234 1 0.336648 0.430390
334 192 1 0.264345 0.182833
335 132 1 0.908781 0.395294
335 300 1 0.080551 0.824386
335 321 1 0.002699 0.387362
335 488 1 0.007969 0.777596
336 419 1 0.844791 0.859146
336 558 1 0.127476 0.236455
336 264 1 0.018745 0.494376
336 377 1 0.008988 0.090039
337 10 1 0.849305 0.815706
337 613 1 0.105354 0.273102
337 80 1 0.036187 0.573287
337 313 1 0.009154 0.391292
338 118 1 0.212473 0.066218
338 70 1 0.061573 0.912540
338 551 1 0.714669 0.668419
338 462 1 0.011286 0.843278
339 388 1 0.136751 0.243904
339 125 1 0.116973 0.783764
339 439 1 0.035974 0.209366
339 214 1 0.710302 0.006697
340 50 1 0.558598 0.477564
340 276 1 0.333002 0.224813
340 350 1 0.048319 0.892749
340 395 1 0.060081 0.046741
341 315 1 0.826801 0.071247
341 56 1 0.001313 0.155257
341 363 1 0.038172 0.447842
341 216 1 0.133714 0.732933
342 328 1 0.667724 0.733276
342 596 1 0.014578 0.963947
342 225 1 0.191587 0.803850
342 459 1 0.126111 0.124422
343 74 1 0.547769 0.072709
343 363 1 0.256267 0.862363
343 125 1 0.033090 0.126417
343 493 1 0.162874 0.586784
344 282 1 0.043304 0.111848
344 389 1 0.148245 0.951725
344 48 1 0.381853 0.126955
344 291 1 0.426598 0.713792
345 180 1 0.834983 0.355713
345 128 1 0.105914 0.905228
345 604 1 0.023986 0.566863
345 297 1 0.035118 0.933283
346 15 1 0.378551 0.616405
346 515 1 0.439458 0.154670
346 577 1 0.049009 0.547182
346 221 1 0.132981 0.114933
347 639 1 0.217888 0.091806
347 376 1 0.608110 0.040339
347 434 1 0.004082 0.479536
347 506 1 0.169920 0.491349
348 12 1 0.568776 0.421213
348 601 1 0.352963 0.824502
348 262 1 0.031250 0.565226
348 145 1 0.047010 0.360212
349 474 1 0.033168 0.243101
349 624 1 0.078704 0.874014
349 360 1 0.426294 0.039904
349 163 1 0.461834 0.514517
350 398 1 0.726552 0.039063
350 402 1 0.097506 0.683269
350 621 1 0.027934 0.163404
350 290 1 0.148008 0.402140
351 126 1 0.775193 0.372414
351 107 1 0.183964 0.172047
351 143 1 0.013192 0.703722
351 407 1 0.027650 0.856801
352 313 1 0.550685 0.453765
352 8 1 0.075424 0.793395
352 515 1 0.129700 0.085582
352 492 1 0.244191 0.681547
353 592 1 0.512921 0.854959
353 479 1 0.466801 0.845386
353 606 1 0.012223 0.416143
353 425 1 0.008055 0.885946
354 172 1 0.079435 0.207969
354 543 1 0.094519 0.932159
354 6 1 0.554203 0.098865
354 629 1 0.271844 0.927759
355 279 1 0.040880 0.720720
355 257 1 0.694630 0.539478
355 495 1 0.232267 0.330631
355 109 1 0.032224 0.136207
356 218 1 0.433549 0.158697
356 117 1 0.053261 0.783261
356 253 1 0.487826 0.113858
356 52 1 0.025364 0.247495
357 558 1 0.198488 0.908667
357 430 1 0.267081 0.621895
357 214 1 0.035701 0.125514
357 135 1 0.498730 0.702138
358 192 1 0.024076 0.252527
358 196 1 0.284433 0.723477
358 424 1 0.066452 0.410150
358 135 1 0.625039 0.318350
359 120 1 0.266246 0.132338
359 384 1 0.455485 0.519862
359 432 1 0.110415 0.430530
359 391 1 0.167854 0.304964
360 235 1 0.661107 0.216364
360 102 1 0.154853 0.491324
360 162 1 0.130134 0.284195
360 531 1 0.053907 0.976497
361 68 1 0.059512 0.571289
361 586 1 0.121318 0.262444
361 521 1 0.489011 0.179052
361 429 1 0.330159 0.765990
362 409 1 0.573855 0.027819
362 510 1 0.262265 0.165655
362 68 1 0.035173 0.968536
362 26 1 0.128707 0.920663
363 365 1 0.723495 0.637243
363 633 1 0.010721 0.367327
363 243 1 0.154439 0.452551
363 300 1 0.111345 0.080222
364 64 1 0.250633 0.540834
364 112 1 0.618784 0.311495
364 36 1 0.019541 0.472074
364 311 1 0.111043 0.737744
365 144 1 0.462731 0.275370
365 170 1 0.098208 0.507857
365 321 1 0.135342 0.302531
365 157 1 0.303718 0.886519
366 593 1 0.879895 0.968451
366 455 1 0.103197 0.337263
366 276 1 0.006330 0.309089
366 337 1 0.010578 0.906723
367 175 1 0.922817 0.820058
367 525 1 0.070577 0.186041
367 546 1 0.002505 0.266257
367 227 1 0.004101 0.126513
368 626 1 0.828860 0.541993
368 525 1 0.130256 0.575043
368 118 1 0.029624 0.297391
368 511 1 0.011260 0.704032
369 289 1 0.668165 0.488583
369 638 1 0.275666 0.498673
369 300 1 0.015124 0.028277
369 58 1 0.041045 0.062668
370 326 1 0.422656 0.959682
370 186 1 0.538901 0.223454
370 83 1 0.004310 0.243838
370 52 1 0.034133 0.927950
371 636 1 0.745638 0.206434
371 143 1 0.225754 0.452788
371 169 1 0.001411 0.607563
371 61 1 0.027198 0.339627
372 72 1 0.690275 0.039798
372 204 1 0.270823 0.719478
372 371 1 0.007477 0.587451
372 215 1 0.031424 0.467562
373 374 1 0.387424 0.167123
373 52 1 0.537387 0.145163
373 371 1 0.048272 0.281788
373 145 1 0.026917 0.279928
374 325 1 0.556903 0.742625
374 464 1 0.276832 0.088474
374 482 1 0.148542 0.300364
374 499 1 0.017722 0.613058
375 349 1 0.673222 0.572893
375 206 1 0.097223 0.779969
375 86 1 0.092593 0.077535
375 153 1 0.136962 0.150780
376 91 1 0.690284 0.551166
376 21 1 0.056510 0.454139
376 25 1 0.002072 0.645400
376 379 1 0.251134 0.231987
377 477 1 0.741235 0.043182
377 324 1 0.041717 0.462693
377 436 1 0.062980 0.724836
377 163 1 0.154068 0.058391
378 327 1 0.627160 0.272978
378 336 1 0.021820 0.560307
378 32 1 0.132372 0.616142
378 324 1 0.218648 0.103750
379 296 1 0.593699 0.888906
379 200 1 0.032785 0.848013
379 384 1 0.152872 0.475933
379 185 1 0.220644 0.857177
380 222 1 0.876675 0.361298
380 572 1 0.051559 0.871042
380 400 1 0.031656 0.077620
380 595 1 0.040111 0.802093
381 442 1 0.771736 0.118771
381 588 1 0.199490 0.984802
381 100 1 0.009067 0.244416
381 127 1 0.019707 0.553313
382 413 1 0.686278 0.362381
382 399 1 0.032107 0.170458
382 443 1 0.021601 0.336086
382 122 1 0.260014 0.318984
383 604 1 0.171151 0.631798
383 346 1 0.107605 0.046463
383 93 1 0.385618 0.460656
383 55 1 0.335626 0.581040
384 366 1 0.211276 0.201434
384 117 1 0.547832 0.886953
384 251 1 0.146271 0.677886
384 21 1 0.094621 0.847153
385 258 1 0.694458 0.990260
385 504 1 0.244377 0.353150
385 2 1 0.011382 0.775181
385 403 1 0.049783 0.720317
386 200 1 0.759442 0.724043
386 33 1 0.178407 0.777785
386 87 1 0.018267 0.125767
386 313 1 0.043884 0.661862
387 51 1 0.393904 0.713039
387 288 1 0.107424 0.958043
387 498 1 0.338565 0.634481
387 272 1 0.160107 0.320405
388 220 1 0.219703 0.447006
388 76 1 0.397752 0.320607
388 227 1 0.012212 0.900653
388 479 1 0.370333 0.621797
389 481 1 0.927004 0.294693
389 144 1 0.024057 0.104363
389 605 1 0.036503 0.992975
389 254 1 0.012436 0.824040
390 361 1 0.642962 0.879347
390 226 1 0.202820 0.389380
390 194 1 0.023584 0.093204
390 325 1 0.130634 0.001394
391 571 1 0.617594 0.723330
391 286 1 0.186988 0.985470
391 198 1 0.061339 0.896586
391 116 1 0.134078 0.267467
392 220 1 0.553218 0.563493
392 266 1 0.051970 0.926135
392 136 1 0.284401 0.618801
392 295 1 0.110411 0.796023
393 131 1 0.493907 0.366803
393 137 1 0.430591 0.295235
393 58 1 0.035374 0.205451
393 330 1 0.040128 0.831018
394 627 1 0.580218 0.009384
394 144 1 0.124343 0.236606
394 461 1 0.116276 0.789360
394 38 1 0.179163 0.887003
395 249 1 0.213636 0.085457
395 137 1 0.169259 0.660770
395 127 1 0.344864 0.025899
395 287 1 0.272242 0.232010
396 30 1 0.300790 0.565316
396 171 1 0.627896 0.374507
396 126 1 0.003103 0.230665
396 510 1 0.068211 0.269250
397 314 1 0.076520 0.396381
397 549 1 0.543935 0.319225
397 125 1 0.349653 0.460383
397 35 1 0.029893 0.875348
398 135 1 0.687185 0.396855
398 136 1 0.232372 0.784229
398 178 1 0.014725 0.044524
398 67 1 0.065717 0.146120
399 239 1 0.556913 0.408997
399 182 1 0.378252 0.402405
399 458 1 0.016882 0.018181
399 135 1 0.047952 0.499901
400 570 1 0.355568 0.861941
400 588 1 0.455716 0.375002
400 272 1 0.143043 0.072183
400 628 1 0.045672 0.716930
401 97 1 0.147339 0.075404
401 77 1 0.437476 0.090014
401 589 1 0.008245 0.898196
401 375 1 0.406940 0.220224
402 571 1 0.438177 0.053676
402 199 1 0.078958 0.632379
402 511 1 0.118555 0.937788
402 58 1 0.364309 0.859942
403 485 1 0.546380 0.454930
403 540 1 0.050026 0.650737
403 228 1 0.166676 0.798039
403 428 1 0.236918 0.310371
404 228 1 0.502723 0.104551
404 359 1 0.247596 0.089857
404 337 1 0.005767 0.880527
404 170 1 0.243914 0.811745
405 394 1 0.306851 0.285936
405 472 1 0.202294 0.517707
405 305 1 0.402279 0.279666
405 389 1 0.088576 0.355622
406 538 1 0.345196 0.491922
406 543 1 0.101563 0.086343
406 399 1 0.096323 0.276656
406 80 1 0.456917 0.600391
407 179 1 0.435020 0.003360
407 217 1 0.309529 0.673656
407 214 1 0.160826 0.438506
407 567 1 0.094625 0.045416
408 623 1 0.875290 0.609384
408 303 1 0.047668 0.192057
408 373 1 0.037218 0.295328
408 537 1 0.039824 0.521194
409 197 1 0.812454 0.716723
409 322 1 0.034077 0.503250
409 272 1 0.085031 0.683464
409 128 1 0.068438 0.301886
410 338 1 0.545661 0.490780
410 143 1 0.220248 0.768792
410 185 1 0.102831 0.422427
410 1 1 0.131260 0.285298
411 500 1 0.255224 0.165947
411 412 1 0.612259 0.266561
411 429 1 0.085129 0.437767
411 545 1 0.047388 0.401550
412 132 1 0.327625 0.467975
412 126 1 0.089496 0.625583
412 76 1 0.546744 0.345570
412 343 1 0.036135 0.327422
413 597 1 0.050689 0.600651
413 380 1 0.360218 0.512300
413 549 1 0.288050 0.671458
413 313 1 0.301043 0.948133
414 102 1 0.784838 0.772910
414 308 1 0.075874 0.455138
414 210 1 0.098939 0.586807
414 98 1 0.040349 0.320251
415 342 1 0.919533 0.754720
415 242 1 0.053753 0.412131
415 482 1 0.006547 0.267703
415 325 1 0.020167 0.815699
416 544 1 0.967779 0.087933
416 215 1 0.020027 0.489713
416 222 1 0.006431 0.673768
416 559 1 0.005763 0.483486
417 355 1 0.400575 0.836149
417 311 1 0.300887 0.755601
417 47 1 0.032479 0.706974
417 53 1 0.266058 0.810470
418 50 1 0.418190 0.316627
418 511 1 0.263799 0.103662
418 131 1 0.300393 0.167207
418 279 1 0.017618 0.554483
419 300 1 0.631432 0.825627
419 37 1 0.255510 0.665141
419 228 1 0.022792 0.764160
419 243 1 0.090267 0.058107
420 569 1 0.532269 0.302238
420 570 1 0.454412 0.762860
420 19 1 0.012120 0.192392
420 127 1 0.001199 0.451550
421 297 1 0.689448 0.037143
421 331 1 0.180641 0.346763
421 228 1 0.127633 0.981427
421 422 1 0.002279 0.221221
422 541 1 0.959645 0.824550
422 144 1 0.037910 0.083828
422 125 1 0.001787 0.143865
422 143 1 0.000658 0.417159
423 625 1 0.005091 0.174580
423 267 1 0.684162 0.778572
423 504 1 0.246169 0.116219
423 19 1 0.064578 0.214555
424 307 1 0.174297 0.931937
424 241 1 0.606749 0.437054
424 373 1 0.200392 0.276287
424 617 1 0.018563 0.392907
425 288 1 0.243027 0.307863
425 243 1 0.622450 0.003999
425 249 1 0.125790 0.866689
425 155 1 0.008734 0.859169
426 114 1 0.694593 0.269179
426 197 1 0.137127 0.410636
426 433 1 0.032037 0.820795
426 231 1 0.136243 0.785500
427 51 1 0.739116 0.130089
427 22 1 0.203150 0.462783
427 474 1 0.057177 0.926925
427 619 1 0.000556 0.615521
428 409 1 0.517933 0.836947
428 310 1 0.029183 0.677260
428 107 1 0.087623 0.517284
428 524 1 0.365261 0.808356
429 458 1 0.740783 0.855171
429 152 1 0.119623 0.281569
429 306 1 0.103746 0.554697
429 359 1 0.035848 0.601231
430 113 1 0.857333 0.821874
430 319 1 0.032558 0.082298
430 99 1 0.106836 0.436410
430 58 1 0.003273 0.978732
431 2 1 0.425237 0.458049
431 117 1 0.518962 0.277276
431 182 1 0.018492 0.010770
431 60 1 0.037310 0.883816
432 307 1 0.210936 0.821529
432 159 1 0.079370 0.993973
432 165 1 0.429345 0.161959
432 549 1 0.280348 0.136653
433 225 1 0.820202 0.070652
433 319 1 0.057005 0.613552
433 24 1 0.022063 0.021828
433 422 1 0.100730 0.695434
434 113 1 0.110737 0.866012
434 254 1 0.736153 0.807423
434 290 1 0.090500 0.692784
434 591 1 0.062610 0.313290
435 545 1 0.658508 0.374846
435 270 1 0.096318 0.804938
435 360 1 0.070888 0.020005
435 215 1 0.174286 0.365627
436 194 1 0.672884 0.557377
436 244 1 0.054050 0.769589
436 34 1 0.031550 0.989354
436 345 1 0.241516 0.556337
437 368 1 0.897793 0.196898
437 210 1 0.036253 0.437613
437 458 1 0.035665 0.691751
437 158 1 0.030289 0.923984
438 347 1 0.867233 0.321643
438 374 1 0.025778 0.825929
438 33 1 0.097731 0.197950
438 166 1 0.009258 0.759521
439 308 1 0.311921 0.513011
439 214 1 0.307387 0.773850
439 225 1 0.334219 0.909039
439 614 1 0.046472 0.930746
440 191 1 0.637559 0.372747
440 390 1 0.198614 0.014579
440 523 1 0.083978 0.816647
440 415 1 0.079850 0.719350
441 526 1 0.384301 0.582052
441 364 1 0.575523 0.702385
441 15 1 0.026209 0.566948
441 638 1 0.013967 0.290814
442 436 1 0.262742 0.121115
442 305 1 0.142021 0.717002
442 407 1 0.162286 0.982576
442 341 1 0.432951 0.927939
443 392 1 0.713771 0.407030
443 585 1 0.146520 0.187961
443 374 1 0.137900 0.295449
443 7 1 0.001809 0.461166
444 225 1 0.238802 0.734253
444 108 1 0.262634 0.096316
444 374 1 0.438369 0.136179
444 252 1 0.060195 0.297501
445 383 1 0.116479 0.209213
445 532 1 0.228694 0.223508
445 598 1 0.097071 0.846966
445 574 1 0.557756 0.042627
446 382 1 0.924583 0.940116
446 581 1 0.049050 0.203417
446 242 1 0.012559 0.271077
446 414 1 0.013808 0.406506
447 624 1 0.156048 0.263030
447 34 1 0.164292 0.544995
447 422 1 0.449167 0.785260
447 192 1 0.230493 0.606824
448 375 1 0.144894 0.917796
448 15 1 0.416946 0.520013
448 78 1 0.079232 0.903775
448 99 1 0.358928 0.391471
449 30 1 0.106079 0.910268
449 534 1 0.079079 0.531329
449 152 1 0.146615 0.421497
449 301 1 0.668227 0.677545
450 54 1 0.101776 0.618000
450 543 1 0.295870 0.526154
450 246 1 0.449188 0.092078
450 427 1 0.153166 0.231507
451 306 1 0.704809 0.398414
451 253 1 0.226906 0.681921
451 12 1 0.031165 0.710077
451 231 1 0.037120 0.852760
452 626 1 0.642827 0.020721
452 263 1 0.116171 0.487797
452 614 1 0.058674 0.716598
452 336 1 0.182328 0.021087
453 40 1 0.447021 0.592600
453 548 1 0.080472 0.471091
453 536 1 0.417309 0.821465
453 438 1 0.055198 0.918493
454 608 1 0.775505 0.193421
454 310 1 0.223702 0.432553
454 422 1 0.000763 0.746847
454 2 1 0.000030 0.344450
455 549 1 0.417120 0.682236
455 613 1 0.078025 0.895859
455 194 1 0.405575 0.617900
455 563 1 0.099281 0.602116
456 52 1 0.398407 0.476658
456 293 1 0.176723 0.371669
456 410 1 0.031506 0.933850
456 403 1 0.393363 0.208902
457 5 1 0.222696 0.752305
457 561 1 0.731066 0.165305
457 64 1 0.020993 0.021575
457 58 1 0.025244 0.991663
458 282 1 0.078563 0.413688
458 310 1 0.497329 0.094995
458 302 1 0.304063 0.893825
458 405 1 0.120045 0.129095
459 380 1 0.756228 0.922958
459 313 1 0.000141 0.867185
459 636 1 0.077743 0.685021
459 366 1 0.165887 0.189857
460 394 1 0.022910 0.057653
460 610 1 0.876967 0.180524
460 520 1 0.092238 0.422849
460 251 1 0.007885 0.797791
461 336 1 0.698843 0.297313
461 416 1 0.110220 0.900082
461 49 1 0.041167 0.308242
461 304 1 0.149771 0.393402
462 543 1 0.692767 0.738721
462 289 1 0.024480 0.864914
462 124 1 0.126295 0.348491
462 452 1 0.156459 0.637195
463 80 1 0.856956 0.237696
463 317 1 0.095910 0.125832
463 375 1 0.029640 0.785695
463 131 1 0.017495 0.567745
464 427 1 0.052315 0.496788
464 146 1 0.376355 0.095795
464 351 1 0.419875 0.547311
464 250 1 0.151454 0.852122
465 524 1 0.406573 0.851699
465 415 1 0.263395 0.609021
465 307 1 0.162978 0.321102
465 167 1 0.167054 0.698042
466 542 1 0.862782 0.981153
466 609 1 0.010794 0.883887
466 571 1 0.114173 0.578640
466 282 1 0.012251 0.488075
467 100 1 0.069471 0.443358
467 385 1 0.538453 0.552252
467 465 1 0.279156 0.455503
467 311 1 0.112919 0.677321
468 355 1 0.984226 0.977625
468 345 1 0.004400 0.314618
468 561 1 0.004877 0.605935
468 509 1 0.006497 0.937626
469 578 1 0.492421 0.419543
469 428 1 0.073201 0.075931
469 173 1 0.390384 0.764078
469 481 1 0.043994 0.827536
470 77 1 0.154993 0.609106
470 114 1 0.223098 0.871375
470 111 1 0.430111 0.605621
470 156 1 0.191797 0.140890
471 249 1 0.469665 0.452023
471 486 1 0.215297 0.403042
471 105 1 0.009133 0.398005
471 493 1 0.305906 0.917998
472 449 1 0.590789 0.870061
472 455 1 0.184982 0.992945
472 103 1 0.042856 0.798788
472 151 1 0.181372 0.065206
473 48 1 0.916140 0.280753
473 410 1 0.082004 0.396728
473 135 1 0.001220 0.307921
473 589 1 0.000635 0.987629
474 197 1 0.096742 0.589465
474 524 1 0.101755 0.632707
474 231 1 0.361583 0.923105
474 296 1 0.439919 0.603537
475 269 1 0.163116 0.187802
475 57 1 0.128852 0.105670
475 425 1 0.383343 0.416885
475 442 1 0.324689 0.085526
476 219 1 0.504319 0.909436
476 346 1 0.355298 0.242643
476 311 1 0.131077 0.535842
476 158 1 0.009306 0.581872
477 591 1 0.843396 0.725212
477 301 1 0.105703 0.439506
477 638 1 0.011668 0.751585
477 485 1 0.039234 0.513814
478 415 1 0.744479 0.831326
478 110 1 0.216980 0.272354
478 2 1 0.011725 0.444112
478 481 1 0.026816 0.363735
479 413 1 0.844647 0.261941
479 563 1 0.055255 0.870135
479 334 1 0.046427 0.823163
479 40 1 0.053672 0.956948
480 196 1 0.511480 0.242533
480 255 1 0.081309 0.943222
480 190 1 0.173507 0.280577
480 244 1 0.233704 0.879285
481 482 1 0.168837 0.405761
481 143 1 0.619118 0.037282
481 39 1 0.147377 0.883648
481 27 1 0.064667 0.913200
482 242 1 0.672435 0.796002
482 152 1 0.077088 0.968137
482 295 1 0.196221 0.845758
482 298 1 0.054257 0.580647
483 394 1 0.795712 0.564167
483 97 1 0.172530 0.648783
483 516 1 0.026066 0.389974
483 101 1 0.005691 0.074419
484 407 1 0.462258 0.701911
484 34 1 0.495118 0.176957
484 509 1 0.006541 0.202671
484 69 1 0.036084 0.271401
485 490 1 0.153284 0.872446
485 355 1 0.014324 0.412438
485 301 1 0.216225 0.678642
485 417 1 0.616167 0.496733
486 174 1 0.555427 0.077552
486 599 1 0.356335 0.075214
486 190 1 0.045940 0.064651
486 97 1 0.042298 0.584871
487 111 1 0.723159 0.095477
487 47 1 0.166870 0.899392
487 110 1 0.063267 0.015507
487 365 1 0.046704 0.684584
488 54 1 0.568235 0.652774
488 353 1 0.175719 0.203597
488 207 1 0.043854 0.224356
488 196 1 0.212192 0.651057
489 364 1 0.358490 0.023700
489 63 1 0.348054 0.673114
489 222 1 0.289280 0.974108
489 605 1 0.004176 0.306496
490 33 1 0.221532 0.885223
490 517 1 0.101511 0.145129
490 263 1 0.309095 0.394978
490 426 1 0.367862 0.315421
491 431 1 0.193332 0.312221
491 596 1 0.470382 0.588655
491 344 1 0.237920 0.757898
491 199 1 0.098367 0.053627
492 448 1 0.344549 0.018012
492 214 1 0.048005 0.833242
492 85 1 0.184034 0.419322
492 298 1 0.423412 0.342718
493 386 1 0.563297 0.251931
493 203 1 0.385201 0.113192
493 75 1 0.017846 0.569514
493 559 1 0.033656 0.634594
494 162 1 0.723368 0.920953
494 82 1 0.022265 0.122424
494 16 1 0.059422 0.726048
494 272 1 0.194945 0.986016
495 585 1 0.852901 0.470530
495 125 1 0.139598 0.541150
495 455 1 0.003695 0.883430
495 638 1 0.003807 0.074664
496 296 1 0.769772 0.438931
496 479 1 0.214857 0.081169
496 195 1 0.008592 0.430584
496 20 1 0.006779 0.066984
497 360 1 0.759892 0.037966
497 416 1 0.120579 0.933755
497 624 1 0.098816 0.899778
497 210 1 0.020713 0.817058
498 111 1 0.397971 0.080788
498 65 1 0.413801 0.139158
498 453 1 0.112931 0.615427
498 542 1 0.075297 0.303729
499 21 1 0.969921 0.838747
499 158 1 0.002440 0.155920
499 558 1 0.023781 0.428921
499 286 1 0.003859 0.348631
500 189 1 0.196311 0.639563
500 3 1 0.577163 0.925989
500 583 1 0.191739 0.784007
500 392 1 0.034787 0.612737
501 205 1 0.230940 0.863324
501 475 1 0.697243 0.396236
501 311 1 0.008490 0.287514
501 184 1 0.063327 0.354618
502 374 1 0.378602 0.685716
502 144 1 0.053072 0.718200
502 455 1 0.212075 0.228922
502 319 1 0.356251 0.901932
503 86 1 0.408267 0.382009
503 88 1 0.125135 0.022810
503 318 1 0.331349 0.104469
503 381 1 0.135248 0.832688
504 567 1 0.372765 0.959767
504 330 1 0.228578 0.555557
504 218 1 0.004823 0.787476
504 287 1 0.393835 0.869865
505 106 1 0.314932 0.275632
505 202 1 0.255679 0.373981
505 496 1 0.121531 0.866563
505 217 1 0.307858 0.018356
506 84 1 0.124449 0.260523
506 309 1 0.801114 0.829823
506 576 1 0.066275 0.717394
506 105 1 0.008162 0.522033
507 284 1 0.367488 0.677204
507 494 1 0.167373 0.634849
507 208 1 0.462144 0.439690
507 290 1 0.002995 0.054793
508 496 1 0.442923 0.221372
508 152 1 0.329977 0.602615
508 42 1 0.165342 0.631277
508 518 1 0.061757 0.149448
509 444 1 0.440034 0.839877
509 352 1 0.307814 0.229948
509 62 1 0.246548 0.610573
509 636 1 0.005605 0.030209
510 313 1 0.872458 0.653717
510 334 1 0.093107 0.708549
510 315 1 0.032133 0.381358
510 399 1 0.002302 0.728871
511 422 1 0.232929 0.483325
511 450 1 0.191118 0.640682
511 140 1 0.256032 0.791937
511 167 1 0.319921 0.240886
512 140 1 0.767579 0.689879
512 358 1 0.136289 0.663007
512 453 1 0.023689 0.666592
512 64 1 0.072443 0.023945
513 377 1 0.507259 0.633462
513 127 1 0.063893 0.278098
513 98 1 0.155729 0.450378
513 461 1 0.273120 0.513102
514 435 1 0.288852 0.352632
514 34 1 0.698698 0.239858
514 383 1 0.005511 0.748696
514 537 1 0.006939 0.532081
515 527 1 0.103861 0.993604
515 590 1 0.758489 0.197733
515 5 1 0.037108 0.907749
515 201 1 0.100541 0.948377
516 559 1 0.304622 0.608265
516 47 1 0.062517 0.244772
516 79 1 0.126134 0.456901
516 364 1 0.506727 0.396252
517 216 1 0.822702 0.019606
517 597 1 0.145235 0.578661
517 178 1 0.018803 0.517517
517 529 1 0.013260 0.688087
518 291 1 0.779592 0.390695
518 492 1 0.052475 0.836257
518 288 1 0.097845 0.935212
518 530 1 0.070087 0.008516
519 121 1 0.043238 0.070969
519 245 1 0.431151 0.347443
519 57 1 0.278037 0.284591
519 78 1 0.247574 0.026674
520 602 1 0.216798 0.505088
520 327 1 0.028545 0.229302
520 141 1 0.534549 0.907285
520 158 1 0.220108 0.514013
521 453 1 0.856245 0.796701
521 238 1 0.061065 0.216871
521 618 1 0.017438 0.255134
521 67 1 0.065252 0.199040
522 179 1 0.459737 0.831750
522 421 1 0.112712 0.263946
522 615 1 0.235962 0.822207
522 586 1 0.191589 0.881448
523 425 1 0.722968 0.984648
523 176 1 0.270139 0.399099
523 506 1 0.002187 0.509658
523 471 1 0.004707 0.952093
524 254 1 0.374854 0.699304
524 48 1 0.160294 0.333588
524 505 1 0.215180 0.570190
524 29 1 0.249673 0.188286
525 225 1 0.276429 0.625616
525 394 1 0.515448 0.286926
525 138 1 0.020094 0.169026
525 534 1 0.188029 0.261875
526 499 1 0.197860 0.849718
526 28 1 0.659077 0.904011
526 472 1 0.106576 0.493503
526 104 1 0.036487 0.695156
527 542 1 0.646807 0.661380
527 550 1 0.007437 0.277344
527 524 1 0.244714 0.688164
527 47 1 0.101042 0.457393
528 508 1 0.941276 0.829730
528 42 1 0.028482 0.432573
528 500 1 0.003599 0.839688
528 107 1 0.026642 0.875914
529 477 1 0.960764 0.843180
529 384 1 0.022620 0.201816
529 195 1 0.016342 0.279528
529 16 1 0.000274 0.493297
530 165 1 0.136225 0.700519
530 628 1 0.534606 0.047573
530 601 1 0.089894 0.003374
530 407 1 0.239275 0.655497
531 164 1 0.823137 0.273686
531 285 1 0.143668 0.364743
531 239 1 0.029757 0.843785
531 236 1 0.003439 0.260458
532 332 1 0.789469 0.309911
532 561 1 0.188949 0.999241
532 264 1 0.019618 0.997782
532 374 1 0.001963 0.751205
533 315 1 0.240990 0.201839
533 401 1 0.004410 0.885630
533 87 1 0.622156 0.029926
533 174 1 0.132445 0.119692
534 247 1 0.598660 0.264166
534 558 1 0.365807 0.159467
534 277 1 0.003507 0.676298
534 606 1 0.032026 0.714954
535 468 1 0.303973 0.786207
535 161 1 0.352967 0.433456
535 13 1 0.040468 0.364071
535 337 1 0.302592 0.464742
536 20 1 0.638062 0.923517
536 512 1 0.264051 0.754064
536 261 1 0.014768 0.586385
536 496 1 0.083119 0.740701
537 74 1 0.546077 0.106035
537 273 1 0.408413 0.013229
537 329 1 0.040152 0.618061
537 56 1 0.005358 0.262090
538 261 1 0.831019 0.616244
538 109 1 0.140781 0.536421
538 463 1 0.006225 0.704159
538 243 1 0.021975 0.590439
539 393 1 0.820179 0.538665
539 519 1 0.077885 0.465907
539 478 1 0.053357 0.368972
539 543 1 0.048579 0.455252
540 440 1 0.532094 0.799769
540 559 1 0.129678 0.538868
540 95 1 0.103348 0.874271
540 115 1 0.234880 0.088439
541 321 1 0.154999 0.366685
541 181 1 0.008746 0.214864
541 106 1 0.522691 0.933215
541 385 1 0.313564 0.862317
542 100 1 0.930321 0.718057
542 200 1 0.065047 0.367429
542 351 1 0.004262 0.928827
542 385 1 0.000370 0.204482
543 361 1 0.157160 0.962982
543 363 1 0.784407 0.373880
543 539 1 0.005865 0.154302
543 198 1 0.052568 0.789656
544 54 1 0.323475 0.299628
544 160 1 0.057624 0.755744
544 55 1 0.535641 0.599733
544 127 1 0.083260 0.570796
545 251 1 0.291755 0.985868
545 383 1 0.084153 0.504943
545 1 1 0.069277 0.756093
545 511 1 0.554815 0.372300
546 491 1 0.390948 0.599032
546 463 1 0.014889 0.352025
546 571 1 0.059139 0.178591
546 63 1 0.535025 0.103648
547 342 1 0.491475 0.346877
547 409 1 0.131114 0.991025
547 423 1 0.149820 0.998491
547 142 1 0.227592 0.678599
548 329 1 0.969865 0.827433
548 517 1 0.027421 0.754057
548 74 1 0.001012 0.864585
548 467 1 0.001702 0.790274
549 59 1 0.066378 0.350497
549 179 1 0.657672 0.227445
549 30 1 0.197711 0.907743
549 615 1 0.078239 0.256003
550 378 1 0.583194 0.139086
550 380 1 0.096379 0.600640
550 360 1 0.070610 0.458059
550 556 1 0.249817 0.670758
551 560 1 0.902946 0.686883
551 260 1 0.015763 0.201179
551 115 1 0.067117 0.904221
551 613 1 0.014174 0.908199
552 237 1 0.669319 0.006999
552 626 1 0.117428 0.658188
552 558 1 0.153875 0.851218
552 487 1 0.059378 0.965805
553 369 1 0.318873 0.851778
553 376 1 0.069087 0.505305
553 177 1 0.491849 0.385993
553 39 1 0.120191 0.763024
554 199 1 0.916178 0.252804
554 108 1 0.063889 0.728306
554 558 1 0.012117 0.777300
554 358 1 0.007815 0.128115
555 335 1 0.695281 0.014446
555 341 1 0.275580 0.948081
555 499 1 0.000038 0.570814
555 481 1 0.029101 0.610735
556 36 1 0.715427 0.063148
556 390 1 0.170291 0.189021
556 126 1 0.022104 0.213202
556 94 1 0.092178 0.962645
557 568 1 0.335585 0.908974
557 155 1 0.531015 0.973413
557 69 1 0.090383 0.772768
557 124 1 0.043017 0.945431
558 534 1 0.332008 0.128153
558 247 1 0.047792 0.383760
558 498 1 0.505965 0.912708
558 272 1 0.114235 0.309420
559 324 1 0.318414 0.282418
559 612 1 0.488051 0.145152
559 64 1 0.050238 0.565412
559 560 1 0.143297 0.839125
560 598 1 0.509473 0.266857
560 439 1 0.188540 0.626904
560 226 1 0.215522 0.746713
560 145 1 0.086464 0.182124
561 175 1 0.658228 0.793034
561 402 1 0.020251 0.863107
561 1 1 0.099868 0.124229
561 373 1 0.221652 0.478102
562 327 1 0.147257 0.754639
562 376 1 0.264713 0.260045
562 91 1 0.257197 0.168932
562 479 1 0.330833 0.123458
563 77 1 0.597998 0.993663
563 407 1 0.360739 0.888959
563 320 1 0.015748 0.601312
563 113 1 0.025514 0.374013
564 157 1 0.904837 0.707885
564 445 1 0.007825 0.984646
564 24 1 0.047326 0.369403
564 542 1 0.040012 0.569706
565 417 1 0.798365 0.219471
565 550 1 0.069390 0.115836
565 483 1 0.124780 0.633965
565 129 1 0.007464 0.988322
566 614 1 0.990389 0.231384
566 341 1 0.002526 0.650878
566 401 1 0.006986 0.429573
566 298 1 0.000099 0.794119
567 131 1 0.521792 0.589749
567 464 1 0.093823 0.435366
567 218 1 0.072726 0.981523
567 546 1 0.311659 0.704009
568 263 1 0.196333 0.020130
568 443 1 0.380535 0.049618
568 52 1 0.140893 0.429215
568 437 1 0.282239 0.688453
569 23 1 0.099401 0.667416
569 509 1 0.288446 0.921056
569 627 1 0.029029 0.312685
569 168 1 0.583124 0.229570
570 246 1 0.854764 0.454922
570 535 1 0.123741 0.858084
570 7 1 0.017706 0.626943
570 140 1 0.003789 0.520228
571 302 1 0.432183 0.074555
571 145 1 0.542742 0.157940
571 70 1 0.017465 0.232266
571 276 1 0.007609 0.010608
572 407 1 0.416667 0.635551
572 94 1 0.019259 0.393723
572 178 1 0.033429 0.174319
572 185 1 0.530645 0.461659
573 461 1 0.252644 0.018311
573 21 1 0.481128 0.625931
573 131 1 0.226092 0.006862
573 435 1 0.040135 0.592561
574 180 1 0.851619 0.160755
574 531 1 0.102326 0.036458
574 93 1 0.027810 0.585771
574 310 1 0.018245 0.602141
575 173 1 0.257433 0.990665
575 128 1 0.297891 0.954342
575 217 1 0.207214 0.085856
575 253 1 0.237462 0.534154
576 389 1 0.377687 0.451960
576 86 1 0.037247 0.898085
576 507 1 0.061500 0.250059
576 411 1 0.523566 0.054389
577 412 1 0.509672 0.820042
577 494 1 0.042760 0.367300
577 396 1 0.390875 0.107868
577 18 1 0.056693 0.719247
578 389 1 0.862670 0.802297
578 221 1 0.002845 0.876587
578 615 1 0.011758 0.760498
578 508 1 0.122727 0.343733
579 183 1 0.883798 0.185198
579 45 1 0.104647 0.314769
579 144 1 0.001010 0.310517
579 589 1 0.010545 0.933249
580 595 1 0.376681 0.836056
580 139 1 0.299226 0.061483
580 591 1 0.003515 0.899935
580 416 1 0.320578 0.278739
581 160 1 0.022762 0.116145
581 83 1 0.847646 0.970797
581 29 1 0.111418 0.294512
581 157 1 0.018174 0.677443
582 431 1 0.963638 0.565754
582 121 1 0.013558 0.901007
582 466 1 0.005431 0.253662
582 604 1 0.017373 0.557344
583 67 1 0.248336 0.110002
583 500 1 0.187265 0.248948
583 35 1 0.333562 0.401872
583 455 1 0.230837 0.684309
584 403 1 0.275033 0.591038
584 542 1 0.677418 0.101945
584 44 1 0.041846 0.899196
584 176 1 0.005703 0.301054
585 214 1 0.461891 0.512750
585 440 1 0.389972 0.080791
585 11 1 0.060805 0.086928
585 421 1 0.087332 0.375304
586 21 1 0.290224 0.926943
586 625 1 0.191011 0.887736
586 289 1 0.157030 0.552264
586 203 1 0.361735 0.080878
587 488 1 0.964756 0.276169
587 251 1 0.014809 0.657801
587 609 1 0.017384 0.382161
587 443 1 0.003051 0.696269
588 389 1 0.025470 0.397677
588 561 1 0.972582 0.636306
588 38 1 0.001082 0.206141
588 366 1 0.000866 0.741879
589 461 1 0.177424 0.525707
589 523 1 0.087765 0.713204
589 522 1 0.031348 0.879147
589 70 1 0.703462 0.072964
590 462 1 0.945961 0.411314
590 167 1 0.046551 0.060574
590 34 1 0.000869 0.155582
590 528 1 0.006619 0.122637
591 27 1 0.306216 0.413351
591 526 1 0.394744 0.395255
591 343 1 0.164670 0.292426
591 430 1 0.134371 0.153032
592 428 1 0.542772 0.739752
592 386 1 0.141697 0.576778
592 423 1 0.006553 0.172203
592 459 1 0.308978 0.424328
593 186 1 0.211953 0.585495
593 433 1 0.003146 0.371238
593 240 1 0.381837 0.155175
593 24 1 0.403064 0.052826
594 237 1 0.099360 0.437931
594 347 1 0.102723 0.234239
594 44 1 0.723707 0.033961
594 85 1 0.074210 0.075497
595 597 1 0.452101 0.905615
595 14 1 0.334047 0.556982
595 345 1 0.095260 0.487224
595 164 1 0.118592 0.374138
596 392 1 0.947742 0.158387
596 200 1 0.007333 0.007043
596 530 1 0.001720 0.581978
596 31 1 0.043205 0.606336
597 84 1 0.384085 0.209125
597 230 1 0.025950 0.457288
597 100 1 0.138558 0.695314
597 545 1 0.451406 0.714299
598 396 1 0.069696 0.048859
598 591 1 0.054819 0.341951
598 433 1 0.270456 0.246295
598 423 1 0.605030 0.294386
599 477 1 0.358325 0.943655
599 136 1 0.422386 0.877665
599 31 1 0.039998 0.217993
599 83 1 0.179291 0.360230
600 339 1 0.190269 0.987377
600 453 1 0.006529 0.142083
600 541 1 0.086204 0.737387
600 525 1 0.716998 0.554057
601 64 1 0.371532 0.861308
601 142 1 0.057801 0.596654
601 366 1 0.296245 0.273415
601 300 1 0.274423 0.776959
602 306 1 0.277387 0.725480
602 410 1 0.140276 0.785111
602 202 1 0.402879 0.923354
602 81 1 0.179459 0.572795
603 241 1 0.607563 0.257221
603 547 1 0.088975 0.881153
603 244 1 0.147986 0.307171
603 632 1 0.155476 0.630132
604 564 1 0.270321 0.508852
604 591 1 0.251164 0.952848
604 480 1 0.390250 0.141954
604 8 1 0.088265 0.183634
605 182 1 0.630501 0.181302
605 579 1 0.311096 0.343734
605 370 1 0.019180 0.889522
605 577 1 0.039223 0.305373
606 530 1 0.156869 0.837921
606 163 1 0.458808 0.275319
606 178 1 0.090465 0.413660
606 185 1 0.293859 0.997144
607 116 1 0.974111 0.927493
607 26 1 0.005160 0.029267
607 267 1 0.019736 0.213251
607 455 1 0.000993 0.780407
608 296 1 0.386652 0.898797
608 169 1 0.037588 0.841182
608 158 1 0.331680 0.733941
608 360 1 0.244080 0.449550
609 128 1 0.573646 0.003924
609 341 1 0.191813 0.306835
609 20 1 0.008031 0.035715
609 251 1 0.226510 0.123491
610 111 1 0.745060 0.420814
610 222 1 0.245155 0.195388
610 331 1 0.007833 0.783840
610 169 1 0.001952 0.500830
611 586 1 0.004907 0.967393
611 392 1 0.418731 0.425841
611 618 1 0.565554 0.362046
611 510 1 0.010808 0.020872
612 344 1 0.649033 0.752867
612 458 1 0.235455 0.227489
612 518 1 0.013013 0.079628
612 343 1 0.102499 0.473920
613 216 1 0.726409 0.266309
613 66 1 0.199791 0.350503
613 98 1 0.025982 0.041699
613 106 1 0.047818 0.259137
614 229 1 0.444068 0.333099
614 94 1 0.091346 0.600037
614 109 1 0.242361 0.392956
614 162 1 0.222225 0.530825
615 119 1 0.539325 0.070736
615 375 1 0.262737 0.472282
615 434 1 0.191252 0.430312
615 415 1 0.006686 0.729187
616 361 1 0.757965 0.800948
616 409 1 0.200027 0.366555
616 135 1 0.028159 0.397459
616 306 1 0.013849 0.434300
617 111 1 0.409344 0.733171
617 611 1 0.034514 0.971042
617 374 1 0.448321 0.930948
617 39 1 0.107821 0.744226
618 11 1 0.447176 0.729674
618 65 1 0.353361 0.588441
618 208 1 0.133747 0.265971
618 596 1 0.065717 0.644717
619 275 1 0.298156 0.731132
619 4 1 0.364839 0.728329
619 285 1 0.074482 0.485658
619 618 1 0.262523 0.872558
620 462 1 0.479957 0.465246
620 139 1 0.084186 0.839833
620 38 1 0.246816 0.163364
620 46 1 0.189041 0.688007
621 236 1 0.443205 0.237716
621 600 1 0.325346 0.982283
621 274 1 0.218617 0.211135
621 147 1 0.012831 0.631294
622 69 1 0.222408 0.270798
622 254 1 0.409524 0.544848
622 266 1 0.223682 0.493224
622 262 1 0.144386 0.169305
623 505 1 0.270543 0.361673
623 498 1 0.311399 0.475624
623 440 1 0.108841 0.097479
623 275 1 0.309216 0.743159
624 450 1 0.111504 0.033055
624 564 1 0.458491 0.477509
624 203 1 0.286934 0.858034
624 421 1 0.143071 0.513919
625 298 1 0.871522 0.281130
625 241 1 0.081011 0.276859
625 250 1 0.013992 0.436331
625 363 1 0.033475 0.651877
626 266 1 0.220323 0.274508
626 206 1 0.639391 0.853361
626 455 1 0.017249 0.513579
626 270 1 0.123037 0.743005
627 490 1 0.413359 0.713863
627 433 1 0.188635 0.367914
627 549 1 0.118619 0.334508
627 470 1 0.279387 0.016216
628 389 1 0.312494 0.940744
628 586 1 0.046796 0.872203
628 516 1 0.588125 0.354082
628 442 1 0.052585 0.775394
629 364 1 0.002962 0.704843
629 607 1 0.581075 0.583889
629 589 1 0.233962 0.651958
629 251 1 0.182001 0.617851
630 39 1 0.325380 0.935049
630 215 1 0.570721 0.012133
630 512 1 0.046711 0.854672
630 544 1 0.057188 0.161432
631 530 1 0.788781 0.152063
631 130 1 0.068701 0.868556
631 636 1 0.044795 0.361958
631 340 1 0.097723 0.192504
632 54 1 0.504226 0.631688
632 199 1 0.182061 0.436292
632 578 1 0.081880 0.655470
632 352 1 0.231833 0.891347
633 257 1 0.670860 0.255510
633 188 1 0.065955 0.859168
633 532 1 0.034787 0.534162
633 341 1 0.228398 0.925660
634 212 1 0.541145 0.928905
634 347 1 0.396269 0.381044
634 428 1 0.044917 0.146861
634 519 1 0.017668 0.347241
635 597 1 0.041085 0.597248
635 337 1 0.933260 0.449462
635 168 1 0.008501 0.441790
635 164 1 0.017154 0.878217
636 101 1 0.916757 0.033453
636 44 1 0.062711 0.092909
636 605 1 0.003938 0.213343
636 282 1 0.016594 0.977809
637 468 1 0.376523 0.891640
637 554 1 0.513165 0.056620
637 532 1 0.082025 0.251158
637 325 1 0.028287 0.358408
638 586 1 0.083898 0.428751
638 222 1 0.277849 0.771523
638 229 1 0.089956 0.685537
638 476 1 0.548297 0.132666
639 352 1 0.221175 0.309154
639 225 1 0.005123 0.193156
639 633 1 0.051395 0.545324
639 405 1 0.722307 0.334338
640 241 1 0.566474 0.296849
640 572 1 0.081554 0.308082
640 574 1 0.333956 0.825365
640 497 1 0.018016 0.645103
