500 1994 136 396 40
396 194 27 1 0
40 143 21 1 0
1 403 22 0.634049 0.741378
1 62 23 0.223591 0.369946
1 136 10 0.097219 0.373988
1 13 2 0.045142 0.502511
2 43 6 0.929335 0.306208
2 126 13 0.055910 0.140393
2 74 15 0.006614 0.743738
2 472 25 0.008141 0.795301
3 376 24 0.607345 0.776547
3 420 1 0.357747 0.483540
3 68 1 0.020260 0.831479
3 19 4 0.014649 0.715509
4 255 1 0.280250 0.667973
4 340 10 0.061041 0.051193
4 373 27 0.450543 0.986718
4 367 8 0.208166 0.186588
5 70 0 0.515242 0.288590
5 372 3 0.439932 0.039182
5 362 18 0.018371 0.064332
5 150 28 0.026455 0.669171
6 154 11 0.308040 0.696559
6 264 6 0.686883 0.091024
6 63 22 0.003440 0.664461
6 25 21 0.001636 0.125302
7 425 17 0.907010 0.474366
7 390 4 0.059140 0.020174
7 14 12 0.030799 0.829112
7 420 9 0.003051 0.587044
8 372 12 0.261892 0.594659
8 484 0 0.234560 0.959859
8 64 23 0.440514 0.366072
8 53 16 0.063035 0.957935
9 323 25 0.508925 0.134722
9 476 9 0.259986 0.269962
9 65 25 0.220079 0.086931
9 366 17 0.011010 0.088169
10 379 20 0.173142 0.203037
10 138 6 0.714001 0.019331
10 116 6 0.021411 0.764542
10 255 11 0.091446 0.870679
11 335 15 0.884203 0.571530
11 183 20 0.103356 0.923721
11 51 3 0.007958 0.538941
11 368 0 0.004483 0.457649
12 301 26 0.672753 0.059274
12 423 25 0.001944 0.592355
12 13 23 0.065736 0.050895
12 370 18 0.259567 0.757829
13 74 20 0.742450 0.940723
13 374 25 0.213810 0.782559
13 298 4 0.001568 0.660517
13 227 7 0.042172 0.600416
14 139 2 0.600972 0.117102
14 360 12 0.088159 0.729169
14 29 6 0.178395 0.931847
14 341 28 0.132474 0.798496
15 250 13 0.538627 0.678992
15 319 21 0.328845 0.100966
15 261 15 0.115414 0.477466
15 122 25 0.017115 0.658466
16 304 18 0.551863 0.427073
16 324 2 0.379871 0.135418
16 452 5 0.037534 0.492397
16 404 11 0.030732 0.513014
17 78 22 0.801814 0.055428
17 48 19 0.171673 0.563402
17 456 14 0.012440 0.749974
17 432 14 0.014073 0.139897
18 441 14 0.517045 0.098464
18 488 6 0.364876 0.210612
18 267 13 0.089378 0.466440
18 124 28 0.028701 0.370520
19 412 10 0.695412 0.608291
19 202 3 0.086465 0.236508
19 240 12 0.028389 0.976552
19 425 3 0.189734 0.482347
20 350 18 0.236302 0.468472
20 91 18 0.041136 0.278174
20 299 23 0.400092 0.708317
20 148 10 0.322471 0.199054
21 317 6 0.402204 0.129449
21 215 24 0.200957 0.611759
21 285 5 0.156259 0.093418
21 346 5 0.240581 0.649217
22 56 7 0.792289 0.232505
22 35 13 0.182238 0.334310
22 165 13 0.020823 0.798017
22 317 5 0.004650 0.369767
23 433 0 0.462230 0.067607
23 246 26 0.478678 0.684787
23 418 6 0.039179 0.397257
23 385 6 0.019913 0.756027
24 428 7 0.006501 0.212003
24 496 6 0.988316 0.501458
24 180 22 0.005063 0.410919
24 475 12 0.000119 0.211190
25 230 16 0.259174 0.766080
25 389 23 0.192979 0.610902
25 416 3 0.318127 0.122795
25 219 27 0.229720 0.366802
26 433 28 0.020520 0.576583
26 318 11 0.780447 0.214684
26 36 28 0.078772 0.426062
26 346 13 0.120261 0.087826
27 297 4 0.526045 0.263942
27 53 18 0.405842 0.336228
27 271 17 0.042198 0.575765
27 424 3 0.025914 0.971485
28 144 5 0.324405 0.043655
28 347 4 0.455406 0.179434
28 349 10 0.086624 0.744463
28 238 14 0.133565 0.239742
29 63 2 0.765896 0.872891
29 134 26 0.112192 0.044271
29 361 11 0.040067 0.135912
29 118 9 0.081846 0.539127
30 445 6 0.223586 0.289518
30 304 21 0.570269 0.682566
30 212 12 0.095167 0.926443
30 379 8 0.110978 0.631020
31 50 20 0.176264 0.000899
31 131 26 0.473818 0.152610
31 42 0 0.070947 0.183814
31 255 25 0.278971 0.536547
32 404 13 0.754197 0.960787
32 498 19 0.074823 0.611381
32 9 19 0.034530 0.601077
32 411 8 0.136451 0.461360
33 387 17 0.848744 0.831989
33 202 24 0.070828 0.532591
33 407 29 0.047974 0.391255
33 321 26 0.032454 0.591677
34 297 17 0.540365 0.573385
34 442 10 0.227667 0.490884
34 444 0 0.042174 0.685028
34 95 3 0.189793 0.162267
35 273 26 0.430856 0.446370
35 215 10 0.532022 0.719352
35 296 10 0.000219 0.675017
35 416 28 0.036904 0.474054
36 339 11 0.002301 0.531769
36 146 12 0.677674 0.053569
36 154 15 0.125088 0.715448
36 401 9 0.194936 0.651616
37 279 23 0.894138 0.045321
37 16 25 0.030809 0.239467
37 297 20 0.007595 0.945287
37 225 14 0.067458 0.947419
38 97 13 0.890614 0.748799
38 286 2 0.026097 0.377391
38 381 17 0.057034 0.200775
38 423 27 0.026255 0.425060
39 194 20 0.244652 0.678910
39 200 13 0.684595 0.268944
39 179 14 0.060235 0.849098
39 98 9 0.010519 0.666765
41 199 0 0.484303 0.570513
41 187 21 0.160443 0.417919
41 287 28 0.215052 0.454871
41 363 13 0.140202 0.628771
42 388 22 0.929585 0.949125
42 194 13 0.045132 0.869254
42 184 2 0.014655 0.689257
42 463 7 0.010628 0.822073
43 137 24 0.699915 0.601851
43 405 6 0.110321 0.181281
43 58 25 0.046146 0.028018
43 187 15 0.143618 0.751754
44 397 25 0.283006 0.213000
44 353 12 0.135010 0.158587
44 103 2 0.024714 0.369095
44 237 12 0.557271 0.199862
45 276 27 0.132147 0.016845
45 34 25 0.333672 0.263588
45 138 28 0.152060 0.753944
45 56 22 0.382121 0.585819
46 326 8 0.257150 0.529594
46 212 16 0.623059 0.978973
46 58 9 0.037506 0.549581
46 422 12 0.082286 0.686973
47 498 10 0.682930 0.993367
47 216 10 0.251713 0.840075
47 346 23 0.048732 0.418484
47 192 7 0.016626 0.253733
48 415 8 0.223911 0.500584
48 25 19 0.761387 0.781062
48 68 20 0.013729 0.495562
48 114 6 0.000973 0.845853
49 488 28 0.639586 0.181938
49 354 7 0.042005 0.649355
49 255 28 0.022228 0.527604
49 154 28 0.296181 0.375825
50 48 6 0.985622 0.907587
50 438 25 0.009499 0.683230
50 117 13 0.000794 0.086953
50 461 1 0.004085 0.502321
51 344 18 0.804653 0.410718
51 451 1 0.033862 0.904700
51 148 11 0.025674 0.301003
51 241 2 0.135811 0.523404
52 83 22 0.442799 0.234340
52 28 17 0.094892 0.546117
52 255 4 0.115020 0.407204
52 358 5 0.347289 0.070031
53 62 11 0.028330 0.054130
53 171 13 0.153586 0.397091
53 191 6 0.061982 0.912638
53 165 12 0.756102 0.553758
54 382 2 0.222763 0.258465
54 26 18 0.745164 0.216290
54 88 18 0.018138 0.679280
54 158 7 0.013935 0.405730
55 241 24 0.673974 0.384835
55 211 21 0.217729 0.032580
55 128 10 0.054700 0.920625
55 157 8 0.053597 0.929070
56 13 17 0.594711 0.121852
56 195 8 0.196730 0.521676
56 48 14 0.062692 0.592887
56 1 27 0.145867 0.833659
57 326 1 0.615285 0.380589
57 302 5 0.197915 0.762989
57 431 13 0.142705 0.589535
57 151 0 0.044096 0.581292
58 19 6 0.150365 0.056395
58 326 29 0.277695 0.660403
58 113 7 0.464710 0.879996
58 140 27 0.107230 0.093785
59 55 0 0.165907 0.273294
59 38 13 0.474773 0.304874
59 158 6 0.276785 0.847549
59 414 17 0.082535 0.905986
60 343 7 0.920138 0.555660
60 413 22 0.039700 0.596026
60 273 23 0.032082 0.015639
60 182 9 0.008080 0.331768
61 84 11 0.929480 0.451394
61 241 16 0.016915 0.648873
61 346 0 0.035942 0.140310
61 243 27 0.017663 0.357701
62 267 8 0.566357 0.495081
62 211 17 0.109870 0.776953
62 401 15 0.145740 0.952001
62 285 6 0.178033 0.761567
63 421 13 0.906534 0.288534
63 441 6 0.024804 0.135481
63 433 22 0.005316 0.477358
63 1 26 0.063346 0.537276
64 267 15 0.918658 0.997746
64 211 16 0.001461 0.714142
64 326 29 0.014760 0.659515
64 69 26 0.065121 0.274703
65 420 8 0.747799 0.847653
65 476 22 0.052793 0.733009
65 364 17 0.179528 0.283186
65 246 2 0.019879 0.348054
66 366 29 0.295541 0.549190
66 4 26 0.328324 0.707744
66 78 21 0.103769 0.549017
66 182 2 0.272366 0.968322
67 439 19 0.987907 0.590016
67 492 15 0.009188 0.610453
67 25 0 0.002228 0.973150
67 352 19 0.000677 0.125614
68 43 17 0.438668 0.077172
68 483 13 0.146538 0.179353
68 213 4 0.407201 0.137321
68 283 14 0.007594 0.983296
69 329 26 0.819881 0.781218
69 455 23 0.138124 0.189555
69 327 29 0.023511 0.733119
69 41 18 0.018485 0.290581
70 134 3 0.549268 0.611405
70 113 1 0.009400 0.881393
70 239 29 0.261553 0.609329
70 162 20 0.179779 0.759561
71 331 22 0.832989 0.654295
71 173 28 0.111829 0.776781
71 439 20 0.025536 0.292785
71 98 8 0.029646 0.763258
72 161 21 0.886379 0.887580
72 265 11 0.017685 0.996727
72 167 21 0.065085 0.988577
72 81 22 0.030850 0.742831
73 20 27 0.275686 0.717595
73 308 15 0.195580 0.656690
73 104 8 0.179273 0.210223
73 163 22 0.349462 0.500853
74 312 13 0.213205 0.634163
74 182 4 0.316053 0.408016
74 344 16 0.183665 0.353651
74 251 7 0.287077 0.416356
75 451 7 0.552600 0.583695
75 146 10 0.061848 0.436111
75 380 22 0.273692 0.648921
75 493 9 0.111860 0.143675
76 129 25 0.237437 0.028941
76 93 27 0.428649 0.508292
76 276 6 0.206170 0.448489
76 236 27 0.127744 0.677544
77 325 22 0.673150 0.894636
77 381 16 0.293562 0.938666
77 54 24 0.032165 0.284521
77 459 9 0.001124 0.064444
78 493 26 0.591296 0.185936
78 292 16 0.232732 0.579686
78 398 8 0.093125 0.603282
78 324 15 0.082847 0.997534
79 242 4 0.618504 0.151076
79 116 9 0.068180 0.992422
79 422 5 0.242933 0.923949
79 403 5 0.070383 0.924578
80 158 6 0.727438 0.195521
80 366 15 0.100218 0.706382
80 261 1 0.061426 0.731222
80 177 22 0.110917 0.764188
81 174 11 0.996511 0.721934
81 143 21 0.003114 0.802838
81 118 14 0.000186 0.497382
81 263 27 0.000189 0.802508
82 102 7 0.242158 0.668716
82 239 17 0.247283 0.907528
82 291 2 0.358229 0.617758
82 53 18 0.152330 0.827343
83 385 7 0.652907 0.305281
83 171 12 0.094265 0.642656
83 46 10 0.233855 0.050416
83 291 27 0.018973 0.271993
84 41 7 0.628346 0.370133
84 99 16 0.219804 0.617378
84 304 1 0.088082 0.126867
84 144 19 0.063769 0.932487
85 479 13 0.573830 0.557976
85 357 12 0.337715 0.177105
85 380 3 0.083151 0.447516
85 250 29 0.005304 0.890309
86 427 27 0.023241 0.178242
86 56 27 0.176459 0.663171
86 75 27 0.336285 0.013932
86 169 28 0.464015 0.819881
87 171 16 0.603115 0.334570
87 274 14 0.035928 0.843067
87 349 4 0.335228 0.678792
87 329 14 0.025729 0.865034
88 140 17 0.752313 0.958852
88 111 10 0.153130 0.057190
88 283 7 0.057170 0.077001
88 91 2 0.037387 0.503747
89 253 26 0.246969 0.615923
89 400 22 0.000056 0.259454
89 132 0 0.402634 0.153321
89 354 20 0.350341 0.590592
90 140 0 0.110459 0.582637
90 422 25 0.225937 0.271902
90 184 2 0.057899 0.613921
90 302 15 0.605706 0.760151
91 371 16 0.703759 0.378114
91 229 6 0.084831 0.361802
91 370 25 0.030679 0.388995
91 189 12 0.180731 0.931214
92 105 18 0.927540 0.994713
92 175 18 0.035084 0.474226
92 332 13 0.034057 0.372088
92 85 18 0.003319 0.163567
93 309 28 0.589386 0.358291
93 212 0 0.283657 0.091210
93 112 23 0.088511 0.613908
93 236 3 0.038446 0.755012
94 46 0 0.587285 0.724300
94 186 8 0.308633 0.998674
94 405 29 0.028550 0.297633
94 216 27 0.075533 0.611329
95 237 16 0.403532 0.264678
95 254 27 0.455049 0.159808
95 45 10 0.137051 0.504004
95 154 12 0.004368 0.915294
96 142 28 0.384409 0.316952
96 328 16 0.515138 0.341531
96 245 17 0.078477 0.833323
96 172 10 0.021977 0.843698
97 6 2 0.777617 0.420100
97 376 18 0.003800 0.724578
97 303 10 0.017578 0.144306
97 422 15 0.201006 0.049828
98 76 19 0.782493 0.330817
98 486 20 0.099596 0.674364
98 224 13 0.107616 0.812089
98 446 19 0.010295 0.550738
99 492 12 0.287799 0.980263
99 372 19 0.674579 0.891515
99 413 6 0.016515 0.594635
99 98 12 0.021107 0.282341
100 47 3 0.523251 0.404103
100 245 15 0.297382 0.031381
100 459 27 0.147079 0.628007
100 133 12 0.032288 0.809521
101 235 2 0.760525 0.737276
101 71 18 0.014110 0.352441
101 369 24 0.218954 0.745703
101 280 21 0.006410 0.026514
102 35 17 0.854126 0.327078
102 52 24 0.132128 0.694294
102 495 27 0.008609 0.696992
102 271 17 0.005137 0.938830
103 83 8 0.810338 0.316136
103 318 18 0.131622 0.659538
103 425 7 0.017713 0.510601
103 225 23 0.040327 0.370058
104 423 0 0.423344 0.417490
104 447 0 0.444701 0.874070
104 206 6 0.064365 0.594091
104 101 12 0.067590 0.681339
105 200 6 0.247998 0.775535
105 129 20 0.615034 0.135478
105 176 13 0.025495 0.316363
105 463 8 0.111473 0.521839
106 352 11 0.181179 0.322797
106 400 8 0.415302 0.907691
106 456 18 0.297107 0.234653
106 224 1 0.106411 0.163155
107 313 12 0.307565 0.879331
107 54 29 0.642495 0.889758
107 48 21 0.013591 0.786781
107 335 8 0.036348 0.892841
108 290 20 0.204655 0.175697
108 181 21 0.185976 0.471539
108 70 10 0.000558 0.498060
108 360 11 0.608810 0.657073
109 327 27 0.096612 0.986996
109 127 5 0.476116 0.523618
109 172 7 0.312741 0.061608
109 378 15 0.114531 0.598760
110 400 4 0.400856 0.873765
110 443 25 0.557054 0.937342
110 460 29 0.029537 0.743166
110 218 14 0.012553 0.215986
111 146 10 0.590800 0.637002
111 462 20 0.374007 0.749153
111 418 17 0.003820 0.159136
111 93 15 0.031373 0.190441
112 137 11 0.992455 0.529280
112 124 16 0.002006 0.106799
112 193 25 0.002159 0.352979
112 114 1 0.003380 0.190942
113 252 18 0.241942 0.851920
113 146 22 0.518609 0.331812
113 77 23 0.112708 0.895826
113 382 18 0.126741 0.738017
114 46 20 0.699572 0.276230
114 33 4 0.139168 0.036856
114 383 12 0.031259 0.580144
114 358 28 0.130001 0.032447
115 363 8 0.433155 0.422798
115 431 2 0.404115 0.795111
115 194 17 0.040684 0.869010
115 153 29 0.122047 0.842858
116 389 14 0.848061 0.710587
116 41 19 0.091185 0.463658
116 291 9 0.016130 0.974007
116 493 24 0.044624 0.545922
117 168 24 0.834587 0.880566
117 462 2 0.035386 0.257071
117 371 11 0.035322 0.918630
117 68 8 0.094705 0.955059
118 183 6 0.676076 0.645422
118 109 9 0.195442 0.075190
118 63 5 0.069235 0.785632
118 328 10 0.059247 0.998310
119 72 3 0.776077 0.717368
119 480 12 0.065503 0.012237
119 198 16 0.108289 0.629584
119 485 8 0.050131 0.604508
120 381 21 0.733622 0.337423
120 390 27 0.216876 0.720447
120 99 26 0.018365 0.925986
120 134 11 0.031138 0.705308
121 37 15 0.382507 0.279671
121 175 8 0.413516 0.884441
121 293 8 0.137192 0.517845
121 359 14 0.066784 0.571629
122 485 27 0.242432 0.583086
122 176 27 0.172755 0.278665
122 218 0 0.473798 0.573081
122 348 7 0.111015 0.025922
123 384 7 0.000526 0.292858
123 189 16 0.120200 0.184629
123 279 8 0.708210 0.460852
123 273 1 0.171064 0.943272
124 229 27 0.609798 0.742648
124 347 2 0.095715 0.219664
124 266 4 0.028222 0.505578
124 174 21 0.266266 0.024997
125 87 5 0.689897 0.941978
125 414 17 0.250099 0.810354
125 241 28 0.058845 0.392091
125 270 1 0.001159 0.886620
126 24 8 0.062811 0.509023
126 81 1 0.549115 0.816717
126 375 7 0.075007 0.000244
126 372 19 0.313067 0.352318
127 61 17 0.505211 0.232987
127 74 1 0.354138 0.740814
127 357 21 0.097463 0.731797
127 442 21 0.043188 0.576793
128 241 3 0.525684 0.347226
128 455 25 0.341528 0.329174
128 353 3 0.025594 0.441259
128 277 24 0.107195 0.514028
129 407 21 0.854522 0.906933
129 146 4 0.017294 0.673864
129 137 2 0.024066 0.206027
129 392 17 0.104118 0.991081
130 321 0 0.961081 0.169893
130 132 27 0.014652 0.148145
130 19 14 0.022265 0.252321
130 206 23 0.002002 0.466395
131 320 16 0.109220 0.230726
131 75 23 0.063550 0.056351
131 256 1 0.220512 0.041439
131 326 17 0.606718 0.999993
132 421 25 0.419518 0.181617
132 300 19 0.032163 0.845860
132 1 5 0.133335 0.062213
132 8 16 0.414985 0.670404
133 491 28 0.354243 0.622799
133 19 7 0.263969 0.383876
133 55 9 0.344198 0.811716
133 292 5 0.037590 0.904744
134 100 25 0.228709 0.663227
134 430 2 0.549786 0.257722
134 164 15 0.035748 0.208312
134 437 16 0.185757 0.543061
135 281 8 0.052777 0.860294
135 298 12 0.406415 0.634220
135 157 0 0.297919 0.994324
135 22 7 0.242889 0.626056
136 31 0 0.503226 0.000000
136 287 8 0.355851 0.000000
136 77 7 0.058569 0.000000
136 216 28 0.082354 0.000000
137 432 27 0.133169 0.419975
137 490 12 0.739567 0.927358
137 108 10 0.105124 0.747668
137 32 7 0.022140 0.734483
138 399 20 0.889922 0.121343
138 403 15 0.059098 0.718938
138 15 9 0.014410 0.686969
138 496 22 0.036570 0.742274
139 477 9 0.478328 0.831171
139 48 8 0.141044 0.767495
139 322 0 0.292852 0.830495
139 176 17 0.087775 0.896433
140 125 9 0.283951 0.584771
140 100 0 0.176733 0.967936
140 461 23 0.488609 0.873257
140 117 21 0.050707 0.650149
141 16 14 0.668469 0.223160
141 408 0 0.140170 0.719062
141 495 19 0.176098 0.468750
141 223 25 0.015263 0.373652
142 350 28 0.887166 0.592687
142 210 5 0.043700 0.423598
142 4 10 0.006981 0.022184
142 425 24 0.062153 0.196851
143 145 18 0.555101 0.448165
143 303 24 0.393873 0.134198
143 456 9 0.006605 0.438625
143 431 15 0.044421 0.101959
144 157 8 0.756877 0.977280
144 172 28 0.122753 0.868036
144 364 12 0.015721 0.048619
144 147 5 0.104649 0.535783
145 57 7 0.915533 0.864381
145 173 20 0.014042 0.329214
145 46 12 0.000964 0.997694
145 460 14 0.069461 0.220988
146 187 12 0.110754 0.347638
146 42 22 0.476482 0.320081
146 215 3 0.226459 0.156311
146 12 6 0.186305 0.860351
147 141 6 0.735672 0.070663
147 169 0 0.219816 0.267114
147 137 23 0.016173 0.516855
147 241 13 0.028340 0.165551
148 130 15 0.139732 0.603505
148 253 27 0.453191 0.294683
148 137 16 0.130334 0.815913
148 422 0 0.276744 0.557671
149 438 18 0.756062 0.200488
149 409 23 0.058070 0.486358
149 146 11 0.062686 0.979263
149 288 16 0.123182 0.992928
150 426 17 0.867287 0.095952
150 214 17 0.052753 0.061707
150 41 16 0.070544 0.741699
150 7 20 0.009415 0.298292
151 447 9 0.630304 0.545511
151 472 20 0.318925 0.920038
151 163 3 0.050240 0.328717
151 114 24 0.000531 0.441787
152 87 27 0.396096 0.092517
152 452 3 0.551887 0.575560
152 286 23 0.034115 0.870171
152 409 17 0.017902 0.333885
153 190 23 0.892685 0.084822
153 250 24 0.105965 0.613432
153 228 8 0.000299 0.922834
153 183 9 0.001052 0.286263
154 39 22 0.537343 0.873910
154 369 7 0.102611 0.028681
154 351 8 0.023442 0.934184
154 175 23 0.336604 0.512905
155 387 20 0.531816 0.355205
155 258 14 0.394622 0.463414
155 205 7 0.022676 0.649930
155 301 10 0.050886 0.082582
156 180 3 0.400101 0.208411
156 421 14 0.218424 0.383430
156 487 17 0.319063 0.780087
156 103 26 0.062412 0.836775
157 209 14 0.194212 0.947712
157 383 25 0.371620 0.900767
157 30 24 0.186398 0.528270
157 200 20 0.247771 0.145988
158 424 16 0.795994 0.558328
158 313 11 0.152457 0.342931
158 174 9 0.009688 0.810157
158 476 12 0.041861 0.291310
159 320 20 0.577768 0.535139
159 287 14 0.075462 0.403484
159 340 28 0.216474 0.624139
159 51 25 0.130295 0.238933
160 350 27 0.507022 0.917135
160 250 26 0.489120 0.649388
160 240 11 0.003286 0.053090
160 377 15 0.000572 0.175233
161 477 11 0.797053 0.288402
161 200 26 0.134097 0.601493
161 415 1 0.062533 0.465004
161 124 7 0.006317 0.238846
162 51 1 0.456907 0.768119
162 368 0 0.448043 0.889948
162 11 2 0.035881 0.849075
162 308 1 0.059169 0.832441
163 350 7 0.571784 0.816514
163 89 29 0.419954 0.744343
163 266 11 0.003923 0.636956
163 271 14 0.004339 0.526433
164 76 9 0.637499 0.775868
164 368 20 0.166861 0.792848
164 258 4 0.169921 0.225394
164 237 16 0.025719 0.249968
165 397 15 0.755310 0.461033
165 235 24 0.126321 0.639995
165 438 14 0.106646 0.246799
165 488 25 0.011723 0.086939
166 160 25 0.193445 0.351735
166 112 25 0.745437 0.662043
166 464 9 0.028818 0.025228
166 257 19 0.032299 0.665263
167 176 19 0.106734 0.117161
167 82 20 0.155366 0.730300
167 307 8 0.730980 0.937875
167 303 23 0.006921 0.143704
168 331 27 0.001954 0.616574
168 325 15 0.716881 0.524321
168 457 5 0.277387 0.901883
168 309 12 0.003778 0.378770
169 25 28 0.019611 0.672468
169 150 28 0.892880 0.307335
169 210 19 0.004270 0.222080
169 353 4 0.083239 0.412231
170 18 22 0.306144 0.484837
170 221 1 0.496940 0.823460
170 438 8 0.048847 0.756584
170 368 24 0.148069 0.989111
171 204 29 0.649462 0.254056
171 416 18 0.013560 0.020454
171 163 15 0.056826 0.749726
171 73 17 0.280152 0.069593
172 174 15 0.104788 0.826960
172 399 10 0.032847 0.276221
172 247 27 0.230469 0.060297
172 409 7 0.631896 0.918659
173 115 17 0.728618 0.044705
173 235 22 0.209209 0.524018
173 69 27 0.050802 0.175542
173 226 20 0.011371 0.712403
174 476 20 0.981979 0.612416
174 325 23 0.014901 0.267488
174 179 18 0.002384 0.645595
174 59 22 0.000736 0.098440
175 410 24 0.275694 0.159381
175 481 23 0.724277 0.684854
175 167 23 0.000003 0.480678
175 235 4 0.000026 0.208169
176 216 27 0.669550 0.642414
176 253 15 0.274839 0.038223
176 37 19 0.023544 0.204294
176 365 1 0.032067 0.712946
177 463 5 0.315130 0.931427
177 389 18 0.683190 0.282630
177 161 2 0.000461 0.341868
177 184 23 0.001219 0.077550
178 328 4 0.782151 0.571406
178 306 6 0.196535 0.119980
178 270 17 0.012017 0.910421
178 309 22 0.009298 0.161451
179 222 29 0.220898 0.959311
179 210 16 0.518968 0.490609
179 159 21 0.107501 0.352085
179 386 8 0.152633 0.590794
180 406 23 0.131343 0.100828
180 305 1 0.858614 0.831343
180 1 6 0.001340 0.143287
180 418 10 0.008703 0.271245
181 151 8 0.793744 0.263909
181 4 17 0.108699 0.319369
181 173 17 0.088058 0.863013
181 253 8 0.009499 0.200333
182 9 6 0.271632 0.227097
182 163 29 0.694359 0.405650
182 440 8 0.019952 0.487655
182 175 21 0.014056 0.671262
183 175 12 0.441134 0.704217
183 156 0 0.196735 0.771056
183 428 17 0.007619 0.965381
183 212 4 0.354511 0.692804
184 22 20 0.836351 0.743523
184 391 18 0.156896 0.821103
184 378 18 0.001637 0.090802
184 182 0 0.005116 0.625992
185 352 20 0.157311 0.775929
185 483 5 0.229362 0.058684
185 487 0 0.540752 0.312694
185 399 12 0.072575 0.994511
186 293 10 0.029357 0.061320
186 486 16 0.667326 0.664713
186 110 2 0.071740 0.560095
186 451 16 0.231577 0.644772
187 382 1 0.849434 0.467357
187 273 20 0.118831 0.614021
187 135 22 0.029199 0.872315
187 464 9 0.002536 0.121087
188 274 11 0.055555 0.145947
188 331 1 0.170859 0.769320
188 392 15 0.442903 0.337922
188 55 7 0.330683 0.890647
189 4 23 0.502048 0.208639
189 146 8 0.494509 0.720380
189 237 27 0.000591 0.330000
189 12 23 0.002852 0.327098
190 86 24 0.316425 0.776232
190 177 15 0.645618 0.034795
190 186 13 0.006796 0.010272
190 39 4 0.031161 0.531337
191 111 29 0.351938 0.337677
191 391 24 0.274536 0.024617
191 28 18 0.349214 0.211097
191 409 18 0.024312 0.622612
192 282 17 0.110836 0.579149
192 405 15 0.706971 0.133504
192 91 0 0.121022 0.230567
192 134 16 0.061171 0.034759
193 389 1 0.846663 0.840779
193 355 1 0.099219 0.386288
193 311 5 0.045263 0.514594
193 459 7 0.008855 0.124226
194 341 29 0.428070 0.235212
194 420 26 0.361698 0.618392
194 188 3 0.002933 0.704863
194 2 21 0.207298 0.297536
195 470 12 0.468143 0.668053
195 323 6 0.450503 0.241014
195 465 2 0.000743 0.672382
195 22 21 0.080610 0.994915
196 154 23 0.561836 0.811183
196 358 23 0.007947 0.723391
196 77 27 0.315226 0.257464
196 434 16 0.114991 0.152697
197 281 15 0.478491 0.551721
197 313 7 0.156395 0.952285
197 223 1 0.125288 0.256403
197 144 27 0.239826 0.023601
198 267 25 0.046207 0.054394
198 408 20 0.565021 0.873425
198 182 21 0.105027 0.148177
198 155 4 0.283745 0.675560
199 300 6 0.891604 0.506692
199 209 12 0.020850 0.559669
199 64 16 0.039354 0.349500
199 359 16 0.048191 0.458055
200 392 6 0.192429 0.366751
200 154 4 0.532530 0.420197
200 271 21 0.231353 0.984321
200 281 12 0.043688 0.487332
201 286 26 0.332777 0.644830
201 82 25 0.565925 0.015256
201 240 28 0.023914 0.663409
201 128 12 0.077384 0.705268
202 279 8 0.743183 0.336546
202 427 15 0.104021 0.269282
202 129 8 0.114258 0.940614
202 249 13 0.038538 0.981332
203 28 27 0.738697 0.177267
203 371 1 0.005686 0.048496
203 271 18 0.155067 0.077889
203 458 25 0.100549 0.759035
204 7 17 0.263304 0.989265
204 347 9 0.285647 0.737345
204 170 5 0.277649 0.434699
204 65 10 0.173400 0.573848
205 437 13 0.813636 0.937470
205 392 16 0.108247 0.030136
205 209 23 0.007065 0.378929
205 481 1 0.071053 0.447250
206 301 5 0.184932 0.348105
206 168 19 0.692467 0.660505
206 137 13 0.000167 0.320442
206 378 12 0.122434 0.284814
207 155 28 0.241018 0.135078
207 200 22 0.721512 0.109249
207 237 10 0.009144 0.582469
207 47 3 0.028325 0.206705
208 132 5 0.129361 0.148312
208 285 0 0.407500 0.893645
208 105 11 0.106848 0.766464
208 417 10 0.356292 0.067521
209 366 27 0.277188 0.808286
209 122 19 0.032059 0.702892
209 322 16 0.095819 0.459041
209 145 22 0.594934 0.546795
210 326 22 0.153952 0.147838
210 228 20 0.116620 0.763624
210 394 2 0.312234 0.762394
210 132 9 0.417194 0.304462
211 100 19 0.494627 0.291715
211 442 3 0.264746 0.027360
211 90 4 0.144676 0.065339
211 106 13 0.095950 0.508529
212 289 9 0.468687 0.893668
212 260 14 0.094728 0.759529
212 171 26 0.192040 0.669856
212 4 18 0.244545 0.329740
213 429 7 0.165077 0.288226
213 157 18 0.058956 0.075940
213 484 21 0.040272 0.881249
213 230 24 0.735696 0.698088
214 102 0 0.401263 0.561582
214 121 19 0.197536 0.546118
214 385 24 0.384788 0.143085
214 256 8 0.016413 0.150951
215 321 9 0.802623 0.960949
215 400 8 0.174513 0.990177
215 80 5 0.003456 0.372250
215 452 18 0.019408 0.401833
216 185 2 0.359508 0.816812
216 184 14 0.199946 0.684585
216 147 17 0.278214 0.450396
216 52 25 0.162332 0.360955
217 83 14 0.183319 0.373962
217 469 21 0.488380 0.791848
217 473 24 0.143798 0.756696
217 409 6 0.184502 0.686098
218 197 18 0.698094 0.204120
218 367 2 0.185865 0.114665
218 41 1 0.061839 0.583941
218 296 23 0.054201 0.504181
219 309 24 0.411684 0.992696
219 407 17 0.289506 0.669627
219 180 5 0.045189 0.887250
219 375 26 0.253621 0.036766
220 444 23 0.060038 0.025658
220 128 0 0.278343 0.498960
220 378 9 0.195002 0.149345
220 374 3 0.466617 0.622375
221 62 11 0.143546 0.734969
221 363 9 0.515397 0.593321
221 381 21 0.266375 0.670855
221 163 17 0.074681 0.523269
222 261 0 0.072634 0.981278
222 45 12 0.763439 0.029972
222 419 9 0.084196 0.186280
222 82 10 0.079731 0.513387
223 444 5 0.162398 0.925010
223 276 2 0.252316 0.604356
223 311 21 0.011365 0.281708
223 406 12 0.573922 0.548463
224 238 12 0.284917 0.686652
224 458 0 0.244498 0.726904
224 235 15 0.411107 0.621230
224 320 21 0.059478 0.992135
225 205 15 0.790195 0.712363
225 209 0 0.103355 0.679340
225 7 22 0.080854 0.729107
225 401 27 0.025595 0.793725
226 76 25 0.696089 0.902040
226 324 7 0.247223 0.631260
226 475 10 0.039086 0.064202
226 163 1 0.017603 0.585292
227 232 13 0.120237 0.648936
227 432 6 0.263045 0.558436
227 315 29 0.073732 0.648722
227 453 9 0.542987 0.811548
228 60 19 0.673515 0.879438
228 194 28 0.158745 0.261732
228 105 20 0.087907 0.322276
228 121 21 0.079833 0.644035
229 334 15 0.004659 0.202439
229 486 3 0.221329 0.647440
229 283 11 0.691216 0.586137
229 95 17 0.082796 0.649923
230 308 17 0.445338 0.661950
230 479 25 0.259400 0.655782
230 454 15 0.202886 0.010935
230 252 28 0.092376 0.466130
231 256 8 0.473788 0.175915
231 43 19 0.251574 0.573440
231 435 28 0.262531 0.493721
231 493 5 0.012107 0.797514
232 278 13 0.042479 0.117503
232 171 21 0.781832 0.811844
232 91 3 0.001837 0.677522
232 482 28 0.173851 0.458557
233 379 19 0.107906 0.023801
233 98 20 0.743427 0.402288
233 162 9 0.011176 0.907173
233 232 12 0.137491 0.460372
234 421 3 0.459922 0.319423
234 137 0 0.432859 0.074579
234 172 9 0.090482 0.276042
234 430 23 0.016737 0.608912
235 69 16 0.499657 0.520453
235 487 4 0.490233 0.447925
235 162 17 0.009053 0.752186
235 405 23 0.001057 0.085735
236 458 2 0.152055 0.665473
236 266 20 0.698537 0.165466
236 303 16 0.058348 0.420422
236 292 12 0.091060 0.503098
237 30 21 0.912850 0.587199
237 86 9 0.086889 0.820398
237 337 17 0.000169 0.574855
237 343 12 0.000093 0.135298
238 395 12 0.092531 0.095068
238 366 9 0.621064 0.404437
238 376 17 0.140984 0.778301
238 438 17 0.145420 0.320290
239 302 7 0.179066 0.299463
239 147 11 0.793377 0.097285
239 216 13 0.016152 0.612845
239 472 20 0.011405 0.501426
240 237 19 0.771108 0.631585
240 476 11 0.047094 0.357472
240 351 13 0.099090 0.263375
240 112 9 0.082708 0.309607
241 138 16 0.437224 0.408498
241 360 23 0.256889 0.433972
241 311 25 0.279572 0.447928
241 274 28 0.026316 0.423998
242 33 8 0.433199 0.537789
242 241 17 0.351811 0.083088
242 120 16 0.025583 0.236539
242 20 22 0.189407 0.447644
243 180 10 0.353880 0.391923
243 302 3 0.624956 0.809092
243 477 26 0.014760 0.685026
243 446 11 0.006404 0.308181
244 105 15 0.219742 0.562516
244 47 0 0.587132 0.721426
244 253 17 0.095135 0.906760
244 190 22 0.097992 0.002048
245 487 4 0.040280 0.435295
245 91 27 0.603468 0.571396
245 310 22 0.016272 0.431499
245 383 22 0.339981 0.976385
246 456 9 0.375877 0.950816
246 186 19 0.330241 0.851945
246 99 27 0.281842 0.116595
246 36 14 0.012039 0.935631
247 332 24 0.229899 0.970569
247 92 7 0.022655 0.206996
247 8 6 0.283620 0.804034
247 347 3 0.463826 0.068331
248 68 3 0.170075 0.252621
248 136 10 0.256383 0.757775
248 458 8 0.040877 0.644040
248 205 13 0.532665 0.521595
249 496 29 0.932438 0.257049
249 269 23 0.036875 0.538357
249 256 8 0.011942 0.039424
249 306 0 0.018745 0.994300
250 288 0 0.990740 0.357842
250 325 17 0.004353 0.652679
250 467 23 0.001271 0.670726
250 454 5 0.003637 0.322379
251 80 4 0.165727 0.434130
251 191 10 0.428245 0.863780
251 59 25 0.204004 0.788349
251 403 10 0.202024 0.287390
252 444 25 0.319916 0.393338
252 27 17 0.211106 0.051794
252 168 16 0.395766 0.538923
252 312 29 0.073211 0.816329
253 336 6 0.193883 0.386964
253 51 27 0.593960 0.230926
253 268 15 0.052739 0.895410
253 300 12 0.159418 0.897910
254 426 7 0.177330 0.334454
254 82 22 0.375655 0.767975
254 409 14 0.293113 0.967110
254 19 20 0.153903 0.431316
255 89 14 0.424662 0.732654
255 256 1 0.440758 0.696247
255 86 4 0.062924 0.339676
255 3 5 0.071657 0.115319
256 492 28 0.996869 0.991848
256 69 14 0.001549 0.389762
256 276 13 0.001319 0.416415
256 261 26 0.000264 0.960454
257 324 10 0.953215 0.757835
257 82 4 0.021419 0.440624
257 49 5 0.015891 0.005441
257 255 9 0.009474 0.873188
258 406 26 0.924582 0.595979
258 294 11 0.026403 0.723975
258 209 12 0.044554 0.251653
258 263 9 0.004461 0.485235
259 484 1 0.108651 0.992509
259 268 16 0.068325 0.896109
259 166 12 0.249062 0.340495
259 428 7 0.573961 0.435564
260 72 28 0.164904 0.529709
260 111 12 0.506479 0.749552
260 18 23 0.138117 0.128070
260 407 22 0.190500 0.740101
261 162 9 0.606610 0.585265
261 64 0 0.143106 0.704599
261 484 12 0.136506 0.932399
261 365 17 0.113778 0.148761
262 145 3 0.646193 0.432929
262 394 24 0.069588 0.524173
262 383 7 0.061989 0.313266
262 11 6 0.222229 0.237592
263 427 7 0.381836 0.976431
263 247 16 0.408320 0.383025
263 13 14 0.181520 0.520993
263 419 17 0.028325 0.627209
264 315 29 0.390968 0.255486
264 288 10 0.447215 0.454539
264 458 21 0.127500 0.174881
264 416 12 0.034317 0.576152
265 369 23 0.822087 0.412352
265 284 8 0.099909 0.132121
265 171 14 0.016432 0.847581
265 53 15 0.061572 0.366829
266 78 7 0.431109 0.078126
266 158 10 0.381292 0.534213
266 315 18 0.100447 0.986299
266 63 17 0.087151 0.373395
267 203 9 0.312239 0.017286
267 258 23 0.476373 0.099514
267 268 16 0.210597 0.203259
267 274 14 0.000791 0.227077
268 369 23 0.395328 0.735642
268 286 23 0.388461 0.133298
268 458 1 0.085101 0.132488
268 308 21 0.131110 0.045136
269 349 18 0.654472 0.926780
269 443 14 0.329833 0.503696
269 450 16 0.013585 0.465398
269 271 17 0.002110 0.412932
270 115 7 0.487230 0.412057
270 334 12 0.233848 0.236048
270 281 26 0.096280 0.060072
270 42 22 0.182641 0.000978
271 358 1 0.551374 0.885747
271 294 29 0.035140 0.263478
271 239 13 0.120875 0.390886
271 173 27 0.292612 0.555093
272 359 0 0.926908 0.349211
272 197 29 0.038026 0.622185
272 366 8 0.016021 0.225917
272 229 13 0.019045 0.568184
273 480 12 0.640366 0.357249
273 315 25 0.131122 0.666837
273 59 1 0.081422 0.111471
273 336 25 0.147090 0.002385
274 472 24 0.018300 0.707182
274 152 5 0.808611 0.407406
274 398 7 0.048667 0.216463
274 452 17 0.124422 0.504671
275 187 14 0.140460 0.542931
275 443 8 0.196145 0.163472
275 226 15 0.083397 0.116737
275 333 6 0.579998 0.200289
276 7 28 0.294843 0.219333
276 184 17 0.246213 0.119027
276 418 28 0.368572 0.099860
276 133 29 0.090373 0.344145
277 127 24 0.556539 0.559565
277 369 27 0.278329 0.926053
277 403 24 0.159892 0.691942
277 19 16 0.005241 0.851407
278 203 24 0.560496 0.795481
278 462 6 0.212437 0.405613
278 61 8 0.120572 0.557906
278 256 22 0.106495 0.812319
279 77 21 0.441460 0.867460
279 11 3 0.356531 0.181963
279 392 3 0.093477 0.325310
279 273 25 0.108532 0.933541
280 154 9 0.353588 0.652963
280 398 12 0.581022 0.590646
280 31 3 0.003460 0.351736
280 468 4 0.061930 0.158221
281 457 29 0.520564 0.129784
281 366 0 0.122811 0.338761
281 218 22 0.087327 0.171794
281 109 5 0.269297 0.744986
282 42 25 0.415917 0.239502
282 170 11 0.308905 0.556995
282 73 25 0.082202 0.269552
282 263 15 0.192976 0.691056
283 173 18 0.319812 0.890684
283 406 29 0.335008 0.655447
283 269 12 0.331130 0.263250
283 357 28 0.014050 0.502757
284 324 28 0.062835 0.880827
284 180 18 0.314036 0.887418
284 261 7 0.583100 0.279053
284 193 21 0.040029 0.448072
285 360 17 0.490407 0.597300
285 280 3 0.470927 0.217990
285 173 28 0.035012 0.243497
285 322 24 0.003653 0.899991
286 118 16 0.252267 0.910241
286 233 10 0.099100 0.082203
286 355 18 0.503171 0.387080
286 194 18 0.145462 0.696964
287 21 16 0.671200 0.943374
287 248 24 0.165767 0.572213
287 244 27 0.155347 0.979969
287 175 10 0.007686 0.482264
288 146 11 0.760587 0.682144
288 52 2 0.120122 0.248443
288 420 20 0.115895 0.393246
288 380 20 0.003395 0.612564
289 418 27 0.981615 0.404279
289 416 20 0.002799 0.308627
289 266 26 0.001907 0.278210
289 237 15 0.013679 0.638288
290 363 20 0.013231 0.110226
290 339 29 0.638429 0.105492
290 499 11 0.131823 0.397329
290 37 2 0.216517 0.233090
291 245 26 0.684957 0.716361
291 47 24 0.233631 0.436810
291 171 18 0.080328 0.214144
291 346 11 0.001084 0.627586
292 226 25 0.126228 0.126625
292 431 19 0.006725 0.537521
292 363 24 0.072932 0.965517
292 488 24 0.794115 0.174848
293 212 22 0.692640 0.506060
293 106 22 0.232582 0.143052
293 223 25 0.024940 0.995899
293 318 2 0.049839 0.495551
294 77 1 0.365462 0.522212
294 243 12 0.105006 0.083843
294 343 1 0.388268 0.678043
294 98 3 0.141265 0.511691
295 417 15 0.857874 0.641056
295 489 11 0.037799 0.706368
295 150 14 0.027667 0.314706
295 116 20 0.076661 0.713731
296 147 24 0.251430 0.596779
296 345 13 0.562550 0.742095
296 32 15 0.045830 0.284493
296 413 5 0.140190 0.551358
297 82 8 0.799815 0.225359
297 394 23 0.114810 0.118923
297 252 29 0.007847 0.785304
297 430 4 0.077529 0.138915
298 274 25 0.430805 0.397204
298 128 21 0.003422 0.909799
298 101 11 0.337716 0.260916
298 120 15 0.228057 0.267256
299 131 29 0.201721 0.603551
299 310 6 0.743755 0.236570
299 436 16 0.016786 0.170079
299 493 18 0.037738 0.873468
300 298 26 0.588923 0.280602
300 149 8 0.046512 0.586722
300 456 6 0.109904 0.601216
300 182 1 0.254661 0.997271
301 149 29 0.325628 0.338054
301 275 1 0.524468 0.876986
301 36 21 0.129367 0.124353
301 391 27 0.020537 0.008434
302 395 6 0.529020 0.468716
302 134 22 0.284982 0.666996
302 87 28 0.124252 0.065387
302 384 17 0.061746 0.876473
303 61 21 0.853471 0.073168
303 202 1 0.024384 0.103093
303 309 5 0.073712 0.266681
303 405 16 0.048433 0.552243
304 11 18 0.947094 0.662284
304 222 4 0.050068 0.201627
304 264 10 0.001923 0.529544
304 404 3 0.000915 0.247676
305 251 25 0.336175 0.049656
305 345 21 0.469630 0.738800
305 113 29 0.014566 0.662736
305 302 10 0.179629 0.520014
306 250 11 0.402003 0.105674
306 490 0 0.214417 0.818382
306 421 15 0.332577 0.342605
306 380 2 0.051003 0.731953
307 78 28 0.807123 0.262002
307 136 21 0.093436 0.966359
307 152 24 0.017096 0.787047
307 154 10 0.082344 0.411171
308 62 18 0.891095 0.808503
308 108 5 0.009621 0.310074
308 335 10 0.092788 0.386113
308 210 22 0.006495 0.203016
309 160 22 0.542456 0.936840
309 370 21 0.318707 0.514220
309 101 27 0.129926 0.144178
309 56 23 0.008911 0.323609
310 281 29 0.421071 0.859856
310 464 23 0.007962 0.632290
310 217 15 0.269282 0.254029
310 119 28 0.301684 0.982838
311 443 2 0.103074 0.170131
311 26 26 0.608032 0.971990
311 24 24 0.041969 0.187080
311 453 26 0.246926 0.716669
312 25 19 0.809883 0.144436
312 288 7 0.025406 0.250264
312 136 8 0.062234 0.678401
312 275 7 0.102478 0.038254
313 410 9 0.244290 0.220002
313 248 17 0.489703 0.042867
313 77 6 0.182088 0.969232
313 161 6 0.083919 0.252188
314 16 6 0.146052 0.764049
314 276 27 0.216030 0.600136
314 318 28 0.459639 0.536454
314 371 22 0.178279 0.964796
315 189 2 0.347345 0.181881
315 469 2 0.085907 0.028693
315 25 25 0.139672 0.837451
315 250 23 0.427076 0.725138
316 355 25 0.565169 0.369996
316 359 2 0.297612 0.320604
316 459 11 0.125225 0.388063
316 15 5 0.011994 0.454427
317 7 12 0.166598 0.095002
317 337 21 0.130703 0.700793
317 347 20 0.394110 0.323176
317 66 25 0.308589 0.906582
318 302 25 0.562646 0.867112
318 342 16 0.116817 0.283884
318 184 17 0.288779 0.461371
318 245 22 0.031758 0.032797
319 367 20 0.419002 0.443916
319 485 13 0.124383 0.936277
319 199 29 0.388342 0.170185
319 170 17 0.068273 0.391209
320 51 20 0.576724 0.117251
320 112 19 0.000258 0.487071
320 222 26 0.131868 0.488564
320 460 29 0.291149 0.304882
321 137 2 0.984316 0.891596
321 77 10 0.006652 0.663836
321 398 16 0.006475 0.331181
321 152 24 0.002557 0.059787
322 352 0 0.840930 0.075109
322 217 22 0.043388 0.668139
322 23 9 0.016255 0.338584
322 318 26 0.099427 0.351242
323 186 18 0.249434 0.492642
323 47 19 0.124716 0.475119
323 68 0 0.094515 0.726472
323 41 4 0.531335 0.493721
324 183 29 0.029356 0.387147
324 27 24 0.585953 0.752357
324 333 1 0.350673 0.556409
324 467 20 0.034018 0.024820
325 141 1 0.933032 0.294165
325 180 0 0.019588 0.376734
325 33 0 0.009003 0.409088
325 442 11 0.038377 0.684669
326 22 4 0.321833 0.353065
326 216 9 0.488220 0.719748
326 465 20 0.028239 0.647709
326 167 8 0.161708 0.499629
327 478 24 0.632696 0.758199
327 441 9 0.207527 0.169034
327 336 13 0.016922 0.518945
327 29 8 0.142855 0.252067
328 53 28 0.786296 0.031405
328 335 23 0.011128 0.595928
328 489 9 0.179471 0.449336
328 189 13 0.023106 0.511355
329 411 12 0.409961 0.830358
329 165 17 0.086550 0.728921
329 118 0 0.177703 0.497883
329 41 24 0.325786 0.867839
330 381 9 0.108575 0.772510
330 418 4 0.088881 0.429542
330 358 28 0.415086 0.025920
330 68 23 0.387457 0.956962
331 464 28 0.217087 0.957720
331 425 13 0.563992 0.529924
331 385 16 0.154255 0.722832
331 229 6 0.064666 0.435526
332 218 10 0.833636 0.063223
332 392 7 0.159115 0.949774
332 370 11 0.000359 0.680689
332 176 25 0.006890 0.742745
333 424 22 0.886219 0.301149
333 90 9 0.051937 0.360045
333 474 11 0.038789 0.534156
333 417 10 0.023055 0.601374
334 55 25 0.360464 0.638447
334 418 10 0.351551 0.595909
334 273 17 0.018834 0.908300
334 32 25 0.269150 0.462042
335 202 13 0.651344 0.091373
335 325 15 0.127702 0.902357
335 367 23 0.023904 0.377744
335 191 23 0.197050 0.120029
336 291 9 0.864208 0.595955
336 278 14 0.098271 0.440099
336 134 1 0.020546 0.456815
336 409 18 0.016975 0.697908
337 319 1 0.631125 0.108157
337 15 8 0.015065 0.953959
337 327 11 0.299471 0.960028
337 177 19 0.054339 0.555148
338 359 22 0.075372 0.971391
338 69 18 0.902874 0.922642
338 380 5 0.008610 0.847275
338 245 1 0.013144 0.212189
339 271 20 0.412107 0.233631
339 109 5 0.200528 0.581659
339 240 27 0.231723 0.259408
339 163 24 0.155643 0.745321
340 256 7 0.846587 0.441184
340 193 22 0.074829 0.581396
340 364 29 0.019995 0.370437
340 346 22 0.058590 0.174406
341 168 19 0.868070 0.544410
341 282 3 0.065737 0.719013
341 178 7 0.025318 0.775179
341 86 19 0.040875 0.250433
342 455 23 0.855661 0.203185
342 451 28 0.049321 0.343798
342 118 16 0.053881 0.435500
342 157 22 0.041137 0.745720
343 54 22 0.800072 0.593638
343 484 28 0.095613 0.498058
343 126 27 0.051976 0.671012
343 123 29 0.052340 0.708068
344 262 13 0.125975 0.686527
344 259 13 0.473285 0.617395
344 32 14 0.086462 0.072338
344 358 23 0.314279 0.195760
345 273 7 0.736572 0.574107
345 136 24 0.224364 0.766926
345 36 27 0.008571 0.136698
345 410 24 0.030493 0.306602
346 481 10 0.849566 0.201911
346 415 11 0.111022 0.713683
346 155 9 0.024205 0.036108
346 253 1 0.015207 0.040985
347 301 13 0.907008 0.942383
347 172 6 0.018052 0.056297
347 415 9 0.032632 0.764247
347 335 1 0.042309 0.358552
348 365 21 0.783749 0.401976
348 280 0 0.038087 0.186897
348 181 9 0.134484 0.223450
348 33 25 0.043680 0.261218
349 339 23 0.438938 0.130496
349 136 19 0.134918 0.516061
349 395 16 0.080513 0.252989
349 294 17 0.345631 0.436757
350 364 19 0.619098 0.435935
350 13 11 0.054675 0.678956
350 228 7 0.237030 0.501036
350 196 19 0.089197 0.658216
351 274 2 0.734474 0.033518
351 353 1 0.080194 0.483987
351 318 29 0.090605 0.428449
351 314 9 0.094727 0.528762
352 112 18 0.898659 0.797594
352 127 9 0.092927 0.674347
352 172 21 0.002632 0.247545
352 163 21 0.005781 0.947076
353 262 29 0.386703 0.005902
353 207 5 0.152002 0.420766
353 73 8 0.248574 0.997058
353 243 26 0.212721 0.697192
354 399 9 0.184276 0.079957
354 5 18 0.719865 0.154583
354 495 0 0.046425 0.555518
354 478 22 0.049434 0.330811
355 176 25 0.657483 0.496164
355 411 5 0.282673 0.790056
355 313 17 0.030006 0.135864
355 318 22 0.029839 0.381146
356 468 18 0.731962 0.815989
356 271 16 0.025309 0.192201
356 128 12 0.141403 0.678838
356 307 2 0.101326 0.249819
357 406 27 0.564608 0.509620
357 24 25 0.073305 0.395978
357 378 17 0.144844 0.020516
357 49 12 0.217243 0.870094
358 313 1 0.673771 0.687085
358 106 10 0.252715 0.259279
358 244 5 0.015879 0.048086
358 365 25 0.057636 0.436264
359 237 16 0.613982 0.259860
359 339 26 0.104111 0.698608
359 179 11 0.063065 0.912962
359 348 7 0.218842 0.619336
360 465 27 0.580269 0.312117
360 350 5 0.004395 0.605255
360 288 29 0.341859 0.714960
360 227 7 0.073477 0.325815
361 335 29 0.615967 0.559396
361 138 11 0.344754 0.023540
361 247 3 0.000780 0.619944
361 12 7 0.038499 0.490227
362 419 7 0.934377 0.952934
362 21 25 0.039292 0.498383
362 489 2 0.025706 0.930404
362 373 24 0.000625 0.281802
363 209 26 0.834907 0.309962
363 302 2 0.004674 0.924939
363 191 20 0.093805 0.553386
363 177 17 0.066613 0.621874
364 73 29 0.829529 0.385229
364 319 0 0.125979 0.621171
364 261 11 0.041014 0.727539
364 257 6 0.003478 0.941044
365 120 10 0.496556 0.532101
365 139 3 0.055274 0.206372
365 83 28 0.132241 0.112994
365 432 19 0.315929 0.587612
366 22 22 0.832368 0.515816
366 104 1 0.075746 0.404027
366 297 26 0.020228 0.881621
366 258 19 0.071657 0.742633
367 442 14 0.475749 0.530456
367 253 8 0.488200 0.792684
367 384 5 0.010443 0.530877
367 407 25 0.025608 0.111988
368 104 13 0.135624 0.707598
368 449 23 0.701251 0.681895
368 411 20 0.142177 0.270735
368 216 1 0.020948 0.209823
369 88 14 0.869813 0.451524
369 435 5 0.120982 0.064960
369 227 4 0.000069 0.989479
369 7 6 0.009136 0.592581
370 455 22 0.415633 0.081116
370 217 17 0.194137 0.236088
370 379 0 0.339782 0.184980
370 164 14 0.050449 0.131918
371 296 25 0.062519 0.746919
371 348 24 0.825904 0.413887
371 118 26 0.023458 0.691465
371 369 22 0.088118 0.706769
372 167 27 0.427742 0.478847
372 378 10 0.014623 0.845655
372 403 17 0.131086 0.342762
372 286 18 0.426549 0.434818
373 294 26 0.803457 0.830815
373 485 2 0.177008 0.602055
373 495 6 0.018309 0.288771
373 316 18 0.001226 0.967899
374 89 5 0.875634 0.311836
374 71 6 0.112025 0.429144
374 74 0 0.003545 0.618578
374 31 14 0.008796 0.968339
375 323 25 0.498622 0.567157
375 235 28 0.407958 0.990707
375 215 18 0.014347 0.383836
375 204 11 0.079073 0.391856
376 185 19 0.266478 0.385349
376 403 3 0.099928 0.226167
376 419 18 0.271135 0.655840
376 272 1 0.362458 0.198936
377 116 23 0.103040 0.097724
377 424 23 0.872259 0.159395
377 56 11 0.007843 0.092315
377 72 21 0.016858 0.549221
378 141 3 0.107885 0.168938
378 213 3 0.580603 0.004525
378 13 19 0.107356 0.245296
378 436 0 0.204156 0.676654
379 61 0 0.214403 0.438588
379 131 29 0.320702 0.667436
379 83 24 0.263319 0.106441
379 5 20 0.201576 0.543431
380 9 4 0.555645 0.592547
380 485 0 0.443788 0.101146
380 68 1 0.000407 0.243143
380 81 8 0.000159 0.173066
381 470 10 0.638086 0.291295
381 63 20 0.164093 0.292787
381 336 1 0.150444 0.636643
381 410 3 0.047377 0.920225
382 247 14 0.159258 0.280122
382 144 2 0.702380 0.938471
382 12 28 0.091496 0.660259
382 260 5 0.046866 0.683651
383 358 1 0.789935 0.665462
383 215 16 0.092973 0.930487
383 444 11 0.058070 0.956640
383 39 21 0.059022 0.416659
384 412 17 0.131211 0.024905
384 493 24 0.797293 0.825863
384 155 12 0.001251 0.204600
384 336 21 0.070246 0.642772
385 49 23 0.196503 0.559132
385 4 16 0.261648 0.232889
385 476 10 0.266037 0.596983
385 39 21 0.275812 0.937540
386 293 2 0.755076 0.023416
386 190 1 0.189828 0.016310
386 99 26 0.038855 0.912625
386 423 3 0.016241 0.479933
387 51 18 0.081393 0.591654
387 380 21 0.906559 0.920797
387 210 17 0.007361 0.890424
387 36 1 0.004688 0.705619
388 447 28 0.601291 0.746205
388 290 15 0.248360 0.891211
388 284 1 0.104951 0.694963
388 288 20 0.045398 0.728477
389 463 9 0.471901 0.968398
389 397 1 0.282660 0.061309
389 198 12 0.183915 0.381901
389 487 6 0.061524 0.622405
390 42 16 0.198072 0.805702
390 209 1 0.166189 0.674528
390 247 5 0.082316 0.330871
390 399 27 0.553424 0.361618
391 202 16 0.472452 0.634582
391 216 6 0.509502 0.886236
391 114 2 0.011113 0.279379
391 461 24 0.006933 0.873021
392 148 4 0.059571 0.353188
392 227 18 0.082709 0.840878
392 288 4 0.046745 0.474477
392 428 3 0.810976 0.047378
393 480 28 0.543708 0.015744
393 326 17 0.307977 0.528380
393 221 12 0.076489 0.133613
393 170 22 0.071827 0.934205
394 203 11 0.511604 0.760853
394 145 1 0.057815 0.667334
394 220 16 0.047777 0.516642
394 83 29 0.382804 0.405891
395 132 15 0.495096 0.749768
395 34 24 0.466346 0.928966
395 31 10 0.023928 0.449071
395 199 1 0.014630 0.784139
397 95 16 0.676297 0.899385
397 318 28 0.282769 0.267419
397 162 28 0.015166 0.916179
397 491 1 0.025768 0.342051
398 293 12 0.258281 0.825492
398 426 14 0.115751 0.679103
398 33 11 0.486736 0.286193
398 3 17 0.139232 0.699674
399 174 28 0.357975 0.499688
399 210 6 0.346823 0.745696
399 481 27 0.223040 0.670026
399 142 21 0.072162 0.001518
400 203 13 0.376376 0.343483
400 372 9 0.335797 0.501698
400 104 6 0.266846 0.032022
400 350 6 0.020981 0.890011
401 99 19 0.406546 0.081033
401 391 29 0.315231 0.082888
401 278 26 0.023799 0.341314
401 79 28 0.254424 0.889090
402 494 18 0.225316 0.036969
402 276 7 0.712410 0.157027
402 26 0 0.029646 0.581259
402 197 24 0.032628 0.293014
403 198 5 0.349501 0.760192
403 246 6 0.435447 0.505402
403 280 7 0.138605 0.037059
403 329 4 0.076446 0.418799
404 57 29 0.335192 0.124995
404 310 12 0.518362 0.083378
404 28 3 0.143717 0.005582
404 428 20 0.002728 0.174951
405 128 10 0.799055 0.878986
405 466 10 0.082560 0.705224
405 419 28 0.067847 0.344899
405 420 8 0.050539 0.500919
406 171 1 0.479949 0.474114
406 230 8 0.056593 0.809735
406 200 22 0.355606 0.095381
406 122 17 0.107852 0.832111
407 217 0 0.611824 0.765093
407 458 20 0.164006 0.793078
407 263 24 0.045168 0.136833
407 419 16 0.179002 0.351551
408 330 2 0.630836 0.778977
408 144 27 0.168093 0.219221
408 269 23 0.157443 0.140478
408 428 7 0.043628 0.871029
409 312 5 0.729386 0.739948
409 324 2 0.141682 0.542476
409 7 29 0.091192 0.659200
409 307 13 0.037740 0.854872
410 377 6 0.073150 0.788071
410 33 27 0.051121 0.869072
410 4 14 0.141270 0.185666
410 76 25 0.734459 0.558640
411 56 25 0.768557 0.783960
411 283 6 0.042120 0.290615
411 404 26 0.073698 0.741622
411 389 7 0.115626 0.819033
412 370 6 0.387862 0.176848
412 210 21 0.365299 0.366913
412 317 15 0.157425 0.780151
412 275 5 0.089413 0.639876
413 453 12 0.918487 0.933493
413 14 1 0.070942 0.999407
413 473 7 0.007622 0.231261
413 401 14 0.002950 0.217899
414 243 28 0.297285 0.577377
414 173 26 0.002035 0.015748
414 23 15 0.189008 0.571455
414 459 5 0.511672 0.830930
415 409 5 0.822248 0.948532
415 64 22 0.075882 0.689792
415 156 13 0.004272 0.471913
415 239 17 0.097598 0.414533
416 207 1 0.658535 0.990695
416 202 27 0.260199 0.061942
416 445 24 0.058080 0.258044
416 297 25 0.023186 0.002339
417 26 8 0.331097 0.407926
417 229 23 0.385588 0.960515
417 104 7 0.076402 0.442827
417 403 4 0.206913 0.993965
418 39 27 0.373752 0.899158
418 384 24 0.231857 0.016571
418 256 11 0.091365 0.364769
418 94 8 0.303026 0.957993
419 445 24 0.263107 0.449824
419 437 6 0.181903 0.126931
419 260 6 0.539782 0.520169
419 315 2 0.015209 0.783285
420 147 4 0.085098 0.650524
420 354 11 0.449491 0.408501
420 91 8 0.446728 0.174524
420 378 19 0.018683 0.024957
421 368 1 0.197268 0.049634
421 64 29 0.008150 0.542277
421 279 18 0.404266 0.926007
421 388 16 0.390316 0.889027
422 14 7 0.902370 0.873411
422 80 25 0.030602 0.691298
422 126 11 0.039979 0.105599
422 200 29 0.027049 0.584122
423 143 15 0.887979 0.237553
423 281 29 0.101855 0.440632
423 439 8 0.003541 0.064478
423 127 18 0.006625 0.886965
424 483 15 0.030504 0.345006
424 162 3 0.046831 0.143415
424 423 1 0.884307 0.769960
424 286 26 0.038358 0.620178
425 390 29 0.502210 0.830831
425 304 4 0.384152 0.395686
425 466 27 0.103003 0.697893
425 429 6 0.010636 0.754776
426 189 21 0.500857 0.077171
426 222 23 0.084119 0.932166
426 300 17 0.361664 0.629273
426 411 23 0.053359 0.532582
427 160 7 0.024850 0.768739
427 338 5 0.420373 0.296201
427 4 12 0.254954 0.260968
427 84 2 0.299823 0.526456
428 192 21 0.105563 0.569628
428 94 16 0.590781 0.090293
428 239 8 0.068632 0.233418
428 60 7 0.235024 0.292600
429 434 3 0.236324 0.620769
429 19 0 0.055745 0.488891
429 448 3 0.447532 0.748503
429 226 7 0.260399 0.288566
430 98 19 0.161000 0.696929
430 351 19 0.622749 0.766136
430 203 16 0.002792 0.740296
430 18 23 0.213459 0.025764
431 132 8 0.692963 0.947092
431 419 4 0.064223 0.843221
431 144 12 0.046645 0.730477
431 392 14 0.196168 0.475912
432 81 1 0.621460 0.194960
432 68 12 0.118040 0.839767
432 179 9 0.136520 0.621481
432 471 2 0.123980 0.400845
433 371 19 0.805382 0.678913
433 422 18 0.020565 0.672092
433 178 18 0.147606 0.453676
433 337 28 0.026447 0.491823
434 145 10 0.985905 0.496163
434 477 23 0.012358 0.298484
434 248 10 0.000755 0.301991
434 82 2 0.000981 0.033936
435 315 12 0.084734 0.363442
435 252 14 0.672307 0.196159
435 165 15 0.088554 0.079608
435 285 2 0.154406 0.814250
436 123 2 0.051749 0.606013
436 404 9 0.320435 0.436251
436 344 3 0.362021 0.235079
436 335 1 0.265795 0.195217
437 200 0 0.631514 0.324662
437 70 10 0.182776 0.045532
437 338 15 0.030192 0.435892
437 75 26 0.155518 0.232271
438 420 27 0.963079 0.877866
438 41 3 0.028202 0.874104
438 92 17 0.003583 0.134791
438 330 23 0.005135 0.620128
439 460 11 0.552658 0.148662
439 235 9 0.344354 0.585849
439 222 24 0.045205 0.840175
439 318 28 0.057784 0.115683
440 80 2 0.031379 0.402550
440 178 3 0.543361 0.470407
440 289 5 0.077707 0.824055
440 229 3 0.347554 0.984896
441 101 15 0.546463 0.607495
441 244 13 0.138324 0.713517
441 66 6 0.299794 0.305905
441 23 25 0.015419 0.511098
442 499 23 0.663821 0.217161
442 92 4 0.021349 0.102301
442 104 8 0.060125 0.331002
442 121 11 0.254705 0.349939
443 46 16 0.527348 0.071434
443 376 7 0.095739 0.701480
443 21 1 0.325264 0.639596
443 227 27 0.051650 0.684842
444 221 3 0.119814 0.169310
444 355 22 0.152367 0.757253
444 204 19 0.385360 0.062761
444 68 3 0.342459 0.994952
445 470 18 0.910070 0.795483
445 278 26 0.078479 0.792626
445 266 26 0.005844 0.695755
445 289 9 0.005606 0.064677
446 147 3 0.571437 0.063959
446 373 1 0.359012 0.900649
446 27 4 0.035638 0.805570
446 160 0 0.033913 0.901619
447 372 4 0.745930 0.014174
447 344 7 0.223736 0.394545
447 239 12 0.005627 0.169399
447 51 6 0.024707 0.926331
448 411 26 0.258468 0.447307
448 467 29 0.326599 0.765965
448 428 20 0.041873 0.377651
448 155 22 0.373059 0.769681
449 311 18 0.660516 0.169462
449 450 29 0.272028 0.389774
449 154 28 0.063249 0.277814
449 402 28 0.004207 0.236345
450 331 5 0.565943 0.267406
450 246 6 0.286924 0.891059
450 23 29 0.131443 0.606097
450 154 9 0.015690 0.910246
451 122 2 0.555102 0.131233
451 43 28 0.372517 0.264378
451 381 9 0.011232 0.485957
451 120 15 0.061149 0.375715
452 176 1 0.492239 0.656491
452 85 7 0.407943 0.854113
452 465 18 0.058642 0.573478
452 423 0 0.041176 0.277634
453 141 7 0.496473 0.627791
453 231 20 0.153290 0.535218
453 212 23 0.097396 0.419883
453 287 15 0.252841 0.516251
454 381 14 0.606760 0.411829
454 238 4 0.343540 0.572464
454 224 3 0.031610 0.526409
454 253 18 0.018089 0.736869
455 83 28 0.972146 0.976817
455 463 2 0.005660 0.306793
455 81 28 0.002285 0.876701
455 271 26 0.019910 0.275240
456 208 21 0.892395 0.031765
456 9 29 0.020658 0.816250
456 425 28 0.002038 0.338743
456 19 21 0.084909 0.459382
457 236 18 0.337097 0.197108
457 80 0 0.307197 0.843647
457 198 11 0.298699 0.039925
457 344 13 0.057007 0.507741
458 103 6 0.430111 0.780406
458 220 21 0.346377 0.391221
458 498 1 0.146823 0.259743
458 41 23 0.076690 0.596005
459 379 12 0.733383 0.191706
459 122 20 0.158935 0.658161
459 493 22 0.087661 0.312272
459 241 4 0.020020 0.393743
460 87 13 0.504411 0.967845
460 416 22 0.424930 0.416698
460 381 22 0.023185 0.244338
460 95 6 0.047474 0.479167
461 406 22 0.739065 0.722638
461 446 4 0.179397 0.594533
461 475 12 0.012985 0.111701
461 421 25 0.068554 0.259318
462 170 26 0.079761 0.965783
462 228 20 0.559172 0.254289
462 4 11 0.345537 0.886321
462 410 14 0.015530 0.006593
463 309 0 0.986593 0.079584
463 52 17 0.004612 0.562224
463 95 0 0.000618 0.583250
463 477 10 0.008176 0.656811
464 414 27 0.106200 0.591144
464 334 9 0.734774 0.052431
464 113 5 0.011196 0.226324
464 175 2 0.147830 0.696947
465 436 17 0.690492 0.719533
465 110 11 0.010482 0.544040
465 450 2 0.004599 0.399038
465 437 25 0.294427 0.704701
466 427 4 0.193012 0.674340
466 329 27 0.487601 0.815602
466 59 9 0.195676 0.341222
466 420 1 0.123711 0.056893
467 348 4 0.073185 0.319780
467 422 1 0.252580 0.445972
467 115 23 0.665235 0.908025
467 229 6 0.009001 0.045520
468 17 5 0.447464 0.268678
468 21 28 0.027070 0.122754
468 452 28 0.133080 0.148767
468 269 11 0.392386 0.617907
469 441 11 0.926324 0.512142
469 400 4 0.025232 0.642367
469 497 7 0.047228 0.179524
469 223 13 0.001216 0.412018
470 88 0 0.994820 0.186570
470 84 9 0.004772 0.747570
470 274 12 0.000366 0.086376
470 483 8 0.000041 0.276716
471 455 7 0.797941 0.763740
471 29 17 0.131378 0.270854
471 398 10 0.064836 0.258467
471 64 18 0.005845 0.970939
472 362 17 0.380013 0.150827
472 288 2 0.516471 0.519285
472 17 2 0.064225 0.944878
472 298 16 0.039291 0.156903
473 397 7 0.713215 0.869046
473 466 26 0.134887 0.262865
473 236 22 0.071748 0.700324
473 103 25 0.080150 0.769150
474 74 14 0.481660 0.578500
474 72 12 0.035652 0.052825
474 23 5 0.126739 0.933283
474 421 11 0.355950 0.637045
475 494 11 0.059025 0.185836
475 414 29 0.189943 0.553508
475 427 12 0.356402 0.536008
475 11 25 0.394630 0.755697
476 212 7 0.329639 0.744870
476 380 22 0.068702 0.644662
476 280 8 0.133270 0.442226
476 154 19 0.468389 0.869002
477 58 28 0.411391 0.947141
477 55 26 0.554623 0.993609
477 154 26 0.002012 0.643709
477 145 10 0.031974 0.453618
478 415 5 0.160660 0.180159
478 205 8 0.206957 0.161677
478 406 11 0.591730 0.294277
478 370 5 0.040653 0.134483
479 234 18 0.424728 0.716781
479 82 27 0.450233 0.082615
479 212 22 0.012563 0.272118
479 96 8 0.112477 0.568190
480 369 12 0.937754 0.697835
480 228 22 0.027111 0.753195
480 172 17 0.005861 0.707687
480 44 0 0.029275 0.324253
481 194 7 0.199457 0.935633
481 407 0 0.527016 0.852836
481 423 10 0.086953 0.469658
481 267 0 0.186574 0.417888
482 478 9 0.585910 0.691000
482 446 4 0.092869 0.385998
482 188 21 0.149541 0.607532
482 472 16 0.171680 0.538982
483 138 10 0.197408 0.749663
483 116 28 0.678645 0.969492
483 261 6 0.075409 0.558693
483 350 3 0.048538 0.893281
484 273 24 0.276088 0.026496
484 318 2 0.552662 0.366629
484 281 27 0.122657 0.481714
484 108 6 0.048593 0.689083
485 372 20 0.874931 0.869683
485 434 4 0.093875 0.614592
485 30 29 0.011167 0.293463
485 65 17 0.020027 0.643828
486 416 21 0.241513 0.540112
486 435 26 0.037300 0.601189
486 212 24 0.695820 0.144921
486 150 7 0.025366 0.320873
487 17 1 0.331114 0.881948
487 423 27 0.004456 0.105267
487 24 8 0.360561 0.942404
487 163 16 0.303869 0.811075
488 151 23 0.586411 0.441958
488 195 9 0.063152 0.312622
488 484 13 0.183813 0.465870
488 345 26 0.166624 0.396881
489 102 14 0.839631 0.223891
489 407 17 0.143951 0.958912
489 389 7 0.004637 0.836933
489 357 26 0.011780 0.596165
490 131 9 0.519104 0.305355
490 78 3 0.402117 0.636984
490 108 18 0.018379 0.225555
490 269 25 0.060401 0.714834
491 470 9 0.646020 0.931052
491 368 6 0.062526 0.486650
491 21 8 0.081206 0.042054
491 186 20 0.210248 0.230691
492 177 17 0.358131 0.672665
492 128 16 0.056241 0.300829
492 335 0 0.220838 0.020104
492 111 28 0.364789 0.030860
493 157 6 0.506249 0.745491
493 177 25 0.125807 0.895156
493 27 26 0.283685 0.812618
493 370 10 0.084260 0.549303
494 388 25 0.815990 0.845313
494 454 25 0.022477 0.628473
494 164 20 0.092673 0.722881
494 312 12 0.068860 0.764587
495 477 3 0.011755 0.016791
495 105 1 0.605663 0.322479
495 462 27 0.109699 0.400410
495 172 20 0.272883 0.683344
496 366 26 0.357208 0.225772
496 85 14 0.428788 0.081085
496 51 16 0.212380 0.954462
496 474 8 0.001623 0.893490
497 407 23 0.548755 0.802581
497 182 1 0.192668 0.892635
497 329 15 0.071511 0.882873
497 292 28 0.187066 0.263965
498 228 28 0.135605 0.968419
498 299 8 0.782639 0.248116
498 160 17 0.025501 0.611115
498 401 14 0.056254 0.210263
499 319 15 0.954452 0.230254
499 123 4 0.000024 0.089370
499 78 27 0.039753 0.552736
499 224 7 0.005771 0.988738
500 235 5 0.114923 0.939831
500 465 20 0.106282 0.815773
500 380 21 0.651766 0.200283
500 411 2 0.127029 0.720266
