40 154 11 2 31
2 14 14 1 0
31 23 29 1 0
1 15 24 0.221256 0.334135
1 26 28 0.093930 0.315422
1 28 14 0.462548 0.037064
1 8 19 0.222266 0.678303
3 17 27 0.887194 0.845148
3 27 0 0.004881 0.577706
3 5 25 0.031110 0.053252
3 39 6 0.076815 0.013667
4 10 25 0.814414 0.827315
4 37 17 0.171941 0.666863
4 11 1 0.003837 0.466792
4 38 0 0.009809 0.567217
5 21 1 0.606329 0.851674
5 9 5 0.148594 0.380538
5 4 23 0.157358 0.375946
5 30 12 0.087720 0.489352
6 3 28 0.166949 0.702319
6 17 11 0.816146 0.500487
6 11 13 0.015720 0.148174
6 5 16 0.001184 0.832363
7 36 16 0.234391 0.383262
7 13 29 0.309348 0.014178
7 28 27 0.378067 0.265164
7 10 8 0.078194 0.637128
8 6 23 0.814038 0.428349
8 11 27 0.046170 0.977863
8 32 3 0.063015 0.598005
8 23 6 0.076777 0.736665
9 38 20 0.259357 0.642006
9 28 20 0.561173 0.439246
9 25 26 0.023365 0.093355
9 4 1 0.156105 0.059778
10 15 6 0.460690 0.846530
10 18 24 0.433573 0.364607
10 32 10 0.094183 0.863414
10 6 1 0.011553 0.773710
11 27 16 0.437499 0.000000
11 18 10 0.080120 0.000000
11 16 29 0.446577 0.000000
11 15 20 0.035804 0.000000
12 38 8 0.908562 0.777316
12 14 4 0.000110 0.606060
12 18 27 0.081487 0.000179
12 3 25 0.009841 0.121528
13 4 27 0.312019 0.707608
13 12 19 0.632926 0.901116
13 33 16 0.033366 0.707191
13 20 1 0.021688 0.731561
14 11 27 0.061829 0.999523
14 37 8 0.619125 0.732113
14 16 28 0.102507 0.009666
14 24 26 0.216539 0.712486
15 25 8 0.414467 0.454410
15 18 20 0.316084 0.221490
15 5 20 0.171748 0.447775
15 38 15 0.097701 0.670503
16 27 6 0.061143 0.177764
16 13 22 0.363876 0.674161
16 1 28 0.396175 0.620436
16 30 18 0.178805 0.638464
17 19 23 0.883860 0.596465
17 36 26 0.052997 0.379194
17 24 11 0.033695 0.269959
17 34 8 0.029448 0.628156
18 15 13 0.119887 0.813877
18 29 5 0.826946 0.931697
18 37 6 0.026106 0.910069
18 13 18 0.027062 0.144075
19 3 17 0.718100 0.128385
19 15 27 0.035142 0.196803
19 4 12 0.096214 0.779054
19 34 2 0.150544 0.522998
20 27 27 0.446890 0.209599
20 36 22 0.238657 0.447906
20 14 29 0.078343 0.589144
20 37 12 0.236110 0.389101
21 34 20 0.255382 0.943803
21 18 8 0.248348 0.122582
21 10 7 0.346532 0.671892
21 8 8 0.149738 0.706001
22 32 11 0.896587 0.155014
22 17 21 0.022378 0.828862
22 13 9 0.026543 0.865092
22 7 21 0.054492 0.962745
23 15 27 0.054249 0.632550
23 28 25 0.524083 0.092072
23 8 9 0.226877 0.889326
23 30 7 0.194792 0.284722
24 29 18 0.289844 0.216339
24 12 7 0.068095 0.052013
24 10 10 0.158396 0.864564
24 36 29 0.483664 0.069176
25 9 3 0.137056 0.322121
25 22 2 0.313956 0.126466
25 19 6 0.500664 0.970266
25 23 4 0.048324 0.956321
26 39 0 0.236415 0.621096
26 17 17 0.722570 0.516320
26 24 15 0.011388 0.031977
26 30 2 0.029628 0.991154
27 20 9 0.460743 0.449504
27 28 13 0.124018 0.229178
27 24 5 0.138380 0.031329
27 35 25 0.276859 0.903415
28 24 22 0.663840 0.345702
28 26 22 0.286339 0.911154
28 22 16 0.013336 0.770334
28 7 14 0.036485 0.433940
29 5 28 0.072050 0.350661
29 15 19 0.656669 0.211219
29 25 3 0.260299 0.658792
29 36 4 0.010982 0.474285
30 16 18 0.591370 0.053370
30 20 3 0.114506 0.700977
30 1 18 0.013016 0.111296
30 32 2 0.281108 0.831245
32 27 0 0.989006 0.316485
32 19 27 0.009121 0.334689
32 10 26 0.001255 0.168691
32 39 20 0.000618 0.505624
33 17 26 0.923420 0.593860
33 6 27 0.065177 0.644898
33 36 12 0.010941 0.710413
33 39 4 0.000462 0.916426
34 14 7 0.687276 0.139345
34 19 28 0.030278 0.018370
34 27 9 0.236197 0.737295
34 30 13 0.046249 0.777548
35 18 5 0.562254 0.977231
35 10 11 0.408158 0.816747
35 19 9 0.028229 0.608265
35 6 2 0.001359 0.023820
36 32 3 0.331780 0.873305
36 28 20 0.408641 0.804198
36 16 19 0.091458 0.266476
36 27 2 0.168120 0.962424
37 21 1 0.792240 0.188533
37 35 6 0.102827 0.116083
37 30 24 0.045265 0.584806
37 34 4 0.059668 0.024496
38 32 2 0.408052 0.474450
38 6 18 0.211674 0.293689
38 15 12 0.150153 0.359677
38 27 26 0.230122 0.819922
39 30 29 0.869686 0.307051
39 11 5 0.072729 0.947851
39 36 7 0.006168 0.941964
39 29 4 0.051417 0.945978
40 17 10 0.123345 0.221358
40 3 14 0.051258 0.555681
40 14 24 0.126395 0.794439
40 16 9 0.699002 0.105486
