100 296 97 52 49
52 29 1 1 0
49 44 1 1 0
1 73 1 0.725495 0.082898
1 80 1 0.257822 0.870656
1 24 1 0.016684 0.369018
2 71 1 0.891426 0.895509
2 56 1 0.069706 0.649384
2 40 1 0.038869 0.947168
3 70 1 0.729563 0.230236
3 2 1 0.077820 0.023592
3 42 1 0.192618 0.912798
4 41 1 0.721269 0.215352
4 6 1 0.236503 0.839422
4 26 1 0.042229 0.619407
5 96 1 0.077522 0.823437
5 43 1 0.132116 0.427042
5 55 1 0.790362 0.071825
6 80 1 0.860098 0.026614
6 56 1 0.067464 0.493151
6 99 1 0.072439 0.538325
7 9 1 0.551564 0.168403
7 61 1 0.204500 0.292364
7 34 1 0.243935 0.771499
8 27 1 0.868154 0.837777
8 18 1 0.128155 0.421436
8 45 1 0.003691 0.053379
9 77 1 0.112453 0.731485
9 92 1 0.125227 0.680492
9 11 1 0.762319 0.944211
10 33 1 0.029371 0.944500
10 19 1 0.234445 0.906317
10 55 1 0.736184 0.104130
11 4 1 0.319816 0.070898
11 96 1 0.196602 0.645141
11 76 1 0.483583 0.404891
12 74 1 0.713891 0.170110
12 53 1 0.215668 0.962007
12 14 1 0.070441 0.960562
13 44 1 0.123691 0.941269
13 55 1 0.801543 0.993204
13 82 1 0.074765 0.159667
14 57 1 0.409425 0.456512
14 78 1 0.231395 0.705717
14 77 1 0.359180 0.482189
15 60 1 0.920141 0.113159
15 21 1 0.069618 0.415117
15 30 1 0.010241 0.417119
16 40 1 0.048832 0.500206
16 75 1 0.880993 0.089055
16 29 1 0.070175 0.033118
17 47 1 0.773169 0.014736
17 36 1 0.186342 0.206148
17 63 1 0.040490 0.596499
18 73 1 0.537011 0.883625
18 51 1 0.376271 0.216987
18 6 1 0.086717 0.079059
19 50 1 0.742760 0.660765
19 41 1 0.002233 0.198339
19 16 1 0.255007 0.808980
20 82 1 0.171024 0.853997
20 60 1 0.456378 0.766590
20 70 1 0.372598 0.954145
21 84 1 0.744890 0.183142
21 54 1 0.061068 0.634109
21 44 1 0.194043 0.935502
22 58 1 0.271266 0.401893
22 5 1 0.379864 0.838387
22 57 1 0.348870 0.019343
23 1 1 0.802973 0.582877
23 55 1 0.001875 0.282745
23 10 1 0.195153 0.821904
24 82 1 0.814048 0.597863
24 12 1 0.029175 0.559715
24 88 1 0.156777 0.736839
25 57 1 0.765142 0.753730
25 69 1 0.002390 0.581869
25 7 1 0.232467 0.339677
26 87 1 0.210203 0.725383
26 8 1 0.536484 0.728231
26 79 1 0.253313 0.082346
27 16 1 0.031713 0.200285
27 54 1 0.623074 0.571592
27 15 1 0.345214 0.445037
28 76 1 0.828909 0.754530
28 25 1 0.111940 0.696214
28 66 1 0.059151 0.784162
29 81 1 0.476104 0.510690
29 74 1 0.386433 0.496235
29 7 1 0.137464 0.872132
30 97 1 0.772180 0.030287
30 54 1 0.062844 0.283496
30 64 1 0.164976 0.978491
31 65 1 0.466973 0.427572
31 38 1 0.430692 0.439849
31 17 1 0.102335 0.594281
32 10 1 0.567636 0.185003
32 94 1 0.334697 0.075679
32 21 1 0.097666 0.399017
33 64 1 0.709354 0.572684
33 92 1 0.100463 0.525396
33 75 1 0.190183 0.319411
34 74 1 0.201491 0.496049
34 72 1 0.237419 0.696040
34 85 1 0.561091 0.099180
35 60 1 0.102915 0.768086
35 30 1 0.504293 0.013607
35 64 1 0.392792 0.623465
36 17 1 0.402343 0.025183
36 57 1 0.121368 0.829212
36 44 1 0.476289 0.720012
37 30 1 0.874915 0.135613
37 9 1 0.036534 0.399687
37 56 1 0.088551 0.744549
38 7 1 0.083888 0.173374
38 33 1 0.517001 0.827094
38 20 1 0.399111 0.878729
39 87 1 0.430169 0.562670
39 5 1 0.135006 0.346559
39 25 1 0.434825 0.812417
40 82 1 0.086817 0.529970
40 59 1 0.253881 0.313169
40 88 1 0.659302 0.276343
41 48 1 0.290733 0.295925
41 94 1 0.281337 0.353566
41 3 1 0.427930 0.816588
42 55 1 0.061535 0.309331
42 86 1 0.433762 0.692403
42 22 1 0.504703 0.900302
43 17 1 0.986494 0.143355
43 78 1 0.003350 0.799348
43 94 1 0.010156 0.660209
44 88 1 0.021594 0.867203
44 51 1 0.704784 0.739570
44 77 1 0.273622 0.919282
45 48 1 0.357454 0.626359
45 78 1 0.017032 0.857788
45 30 1 0.625514 0.848946
46 11 1 0.987585 0.218859
46 94 1 0.002585 0.375437
46 84 1 0.009829 0.532321
47 54 1 0.185940 0.941668
47 22 1 0.648141 0.708267
47 93 1 0.165919 0.962424
48 10 1 0.687495 0.474278
48 28 1 0.289292 0.529999
48 26 1 0.023213 0.338297
50 30 1 0.861630 0.244820
50 14 1 0.065935 0.433223
50 31 1 0.072435 0.160602
51 93 1 0.568494 0.382203
51 87 1 0.385725 0.438494
51 38 1 0.045781 0.749257
53 39 1 0.915364 0.249151
53 79 1 0.031946 0.255438
53 41 1 0.052690 0.114775
54 93 1 0.103638 0.539814
54 66 1 0.786632 0.559456
54 62 1 0.109730 0.538804
55 9 1 0.564835 0.558554
55 42 1 0.219469 0.243890
55 56 1 0.215696 0.147129
56 96 1 0.644730 0.179346
56 92 1 0.259564 0.131674
56 32 1 0.095706 0.300406
57 45 1 0.091963 0.846305
57 68 1 0.363927 0.453943
57 61 1 0.544111 0.512314
58 53 1 0.889501 0.017656
58 60 1 0.007839 0.163798
58 45 1 0.102660 0.103638
59 7 1 0.756430 0.174928
59 82 1 0.180482 0.097791
59 36 1 0.063088 0.291536
60 14 1 0.452882 0.139832
60 10 1 0.167557 0.473631
60 62 1 0.379561 0.013201
61 41 1 0.356342 0.916939
61 21 1 0.196776 0.836230
61 90 1 0.446882 0.524437
62 92 1 0.330392 0.723488
62 15 1 0.201218 0.095812
62 75 1 0.468390 0.017728
63 31 1 0.262135 0.808211
63 53 1 0.682811 0.348737
63 54 1 0.055054 0.112698
64 71 1 0.489312 0.112932
64 45 1 0.411726 0.455178
64 20 1 0.098962 0.757660
65 31 1 0.523135 0.795461
65 53 1 0.173679 0.616598
65 60 1 0.303186 0.528983
66 84 1 0.481376 0.817526
66 16 1 0.061303 0.482892
66 91 1 0.457320 0.923987
67 21 1 0.845335 0.240733
67 74 1 0.066974 0.014003
67 44 1 0.087691 0.043590
68 80 1 0.418565 0.257929
68 18 1 0.502119 0.380311
68 48 1 0.079316 0.129340
69 60 1 0.689481 0.058061
69 53 1 0.122780 0.431341
69 62 1 0.187738 0.846512
70 68 1 0.342352 0.439237
70 13 1 0.197577 0.637962
70 1 1 0.460071 0.405595
71 88 1 0.055565 0.419744
71 1 1 0.740303 0.563699
71 93 1 0.204132 0.995275
72 1 1 0.086697 0.997646
72 75 1 0.823261 0.559284
72 22 1 0.090042 0.705679
73 30 1 0.133214 0.179430
73 90 1 0.404825 0.499618
73 96 1 0.461961 0.114320
74 47 1 0.745574 0.566798
74 21 1 0.175276 0.868691
74 7 1 0.079150 0.348881
75 3 1 0.530902 0.822691
75 93 1 0.172577 0.930030
75 57 1 0.296521 0.106751
76 17 1 0.113259 0.709866
76 85 1 0.295711 0.347644
76 75 1 0.591030 0.693636
77 88 1 0.808143 0.630523
77 27 1 0.071246 0.383986
77 53 1 0.120611 0.485671
78 4 1 0.317755 0.577114
78 73 1 0.244377 0.737368
78 14 1 0.437868 0.595546
79 57 1 0.782570 0.800519
79 33 1 0.091412 0.245441
79 81 1 0.126018 0.617392
80 67 1 0.696363 0.697868
80 33 1 0.036612 0.415056
80 68 1 0.267025 0.690230
81 24 1 0.680033 0.193447
81 68 1 0.042376 0.997377
81 41 1 0.277591 0.475852
82 45 1 0.654123 0.973568
82 20 1 0.134897 0.336367
82 70 1 0.210980 0.499221
83 35 1 0.814293 0.729459
83 14 1 0.171749 0.605798
83 16 1 0.013958 0.843288
84 53 1 0.073150 0.341327
84 60 1 0.274462 0.300860
84 22 1 0.652388 0.389522
85 54 1 0.025490 0.572542
85 53 1 0.753706 0.289050
85 76 1 0.220804 0.389800
86 70 1 0.537659 0.565573
86 36 1 0.099941 0.000000
86 51 1 0.362400 0.837208
87 56 1 0.309152 0.111408
87 61 1 0.332851 0.248627
87 3 1 0.357997 0.373532
88 60 1 0.545449 0.841606
88 34 1 0.344579 0.804850
88 16 1 0.109972 0.633132
89 15 1 0.513947 0.477759
89 64 1 0.211211 0.945190
89 94 1 0.274843 0.260406
90 81 1 0.190098 0.262998
90 96 1 0.467774 0.743222
90 61 1 0.342128 0.490676
91 47 1 0.841101 0.151280
91 21 1 0.057496 0.231845
91 27 1 0.101403 0.707783
92 88 1 0.103193 0.183847
92 63 1 0.108729 0.102456
92 46 1 0.788078 0.012971
93 56 1 0.165411 0.647482
93 98 1 0.581302 0.878683
93 57 1 0.253288 0.399277
94 71 1 0.472623 0.615849
94 17 1 0.251648 0.387583
94 93 1 0.275729 0.022173
95 3 1 0.715121 0.170105
95 68 1 0.282615 0.331538
95 67 1 0.002264 0.406990
96 70 1 0.127543 0.418331
96 2 1 0.270923 0.554556
96 19 1 0.601534 0.533005
97 27 1 0.865418 0.000000
97 62 1 0.033386 0.000000
97 21 1 0.101196 0.000000
98 84 1 0.807740 0.696748
98 93 1 0.151258 0.001300
98 34 1 0.041002 0.262414
99 98 1 0.113791 0.392376
99 57 1 0.304535 0.021691
99 28 1 0.581674 0.185302
100 79 1 0.213077 0.209926
100 86 1 0.134017 0.621746
100 25 1 0.652905 0.624661
