10 34 5 7 1
7 2 1 1 0
1 8 1 1 0
2 8 1 0.635991 0.336857
2 6 1 0.178096 0.790051
2 4 1 0.023074 0.384853
2 5 1 0.162839 0.944131
3 6 1 0.869710 0.769469
3 8 1 0.072007 0.693980
3 5 1 0.021785 0.730382
3 2 1 0.036497 0.782145
4 9 1 0.967846 0.879012
4 5 1 0.026673 0.916855
4 2 1 0.002343 0.240093
4 6 1 0.003139 0.007311
5 4 1 0.117509 0.000000
5 6 1 0.659061 0.000000
5 2 1 0.179492 0.000000
5 8 1 0.043938 0.000000
6 5 1 0.053903 0.253151
6 8 1 0.699716 0.999276
6 3 1 0.191445 0.491541
6 4 1 0.054936 0.124415
8 3 1 0.775776 0.033655
8 2 1 0.143595 0.284817
8 9 1 0.055844 0.773255
8 6 1 0.024785 0.783938
9 6 1 0.485706 0.002503
9 5 1 0.208734 0.149179
9 3 1 0.036657 0.229852
9 8 1 0.268903 0.241275
10 4 1 0.138522 0.714920
10 5 1 0.596707 0.656054
10 3 1 0.244010 0.705850
10 6 1 0.020761 0.997270
