10 34 8 9 6
9 2 1 1 0
6 8 1 1 0
1 8 1 0.450677 0.518143
1 2 1 0.139494 0.792690
1 4 1 0.286620 0.778427
1 7 1 0.123209 0.984803
2 5 1 0.538869 0.281057
2 8 1 0.393088 0.639493
2 7 1 0.012782 0.050251
2 1 1 0.055261 0.843205
3 8 1 0.588141 0.475924
3 2 1 0.301304 0.356378
3 7 1 0.018482 0.206993
3 5 1 0.092073 0.895116
4 2 1 0.557724 0.723572
4 1 1 0.374872 0.330204
4 8 1 0.028597 0.440073
4 5 1 0.038808 0.799067
5 8 1 0.579944 0.996070
5 7 1 0.218468 0.945627
5 1 1 0.177301 0.730999
5 3 1 0.024287 0.050218
7 5 1 0.169775 0.282562
7 3 1 0.494837 0.135371
7 4 1 0.084631 0.813644
7 2 1 0.250757 0.828932
8 2 1 0.532934 0.000000
8 1 1 0.100200 0.000000
8 5 1 0.196546 0.000000
8 7 1 0.170319 0.000000
10 1 1 0.969444 0.710814
10 7 1 0.017775 0.823110
10 3 1 0.000101 0.923586
10 8 1 0.012679 0.616969
